Tabla de coordenadas (x,y) para trayectoria parabolica:
	 x [UA] 				 y [UA]
4.828427124746189   	 -4.82842712474619
4.7467829873670855   	 -4.794489748603947
4.666677248478808   	 -4.760956730943396
4.588071613349708   	 -4.727820476012052
4.510928972304087   	 -4.695073576549823
4.435213356989263   	 -4.662708807973864
4.360889898514018   	 -4.630719122777376
4.287924787367488   	 -4.599097645133223
4.216285235032482   	 -4.567837665693684
4.145939437211847   	 -4.536932636578086
4.076856538590849   	 -4.506376166540405
4.009006599062747   	 -4.476162016309395
3.942360561348475   	 -4.446284094094067
3.8768902199450714   	 -4.416736451247718
3.8125681913409037   	 -4.387513278084024
3.7493678854389794   	 -4.3586088998390204
3.687263478132645   	 -4.33001777277306
3.626229884980879   	 -4.301734480407121
3.5662427359330717   	 -4.273753729888082
3.5072783510557617   	 -4.246070348477877
3.4493137172161754   	 -4.218679280161589
3.3923264656797034   	 -4.1915755823698095
3.336294850580627   	 -4.164754422810847
3.281197728227374   	 -4.13821107640844
3.227014537205574   	 -4.111940922340969
3.173725279243925   	 -4.085939441178209
3.1213105008096456   	 -4.060202212111927
3.069751275401896   	 -4.034724910276732
3.0190291865130696   	 -4.009503304157795
2.969126311229325   	 -3.9845332530821347
2.920025204443103   	 -3.959810704790371
2.871708883651645   	 -3.9353316930859314
2.8241608143168158   	 -3.9110923355588607
2.7773648957626484   	 -3.8870888313814738
2.7313054475881566   	 -3.8633174591732202
2.6859671965740235   	 -3.8397745749322443
2.641335264062744   	 -3.816456610031218
2.5973951537927693   	 -3.7933600692751375
2.55413274016807   	 -3.7704815290188445
2.511534256945394   	 -3.7478176353421433
2.4695862863223415   	 -3.725365102280495
2.4282757484100577   	 -3.7031207101092765
2.387589891075173   	 -3.6810813036797616
2.34751628013624   	 -3.659243790805002
2.308042789900594   	 -3.6376051406938577
2.2691575940282194   	 -3.61616238243153
2.2308491567097466   	 -3.594912603504985
2.1931062241463017   	 -3.573852948371716
2.15591781631948   	 -3.5529806170703946
2.119273219040175   	 -3.53229286387195
2.0831619762655533   	 -3.511786995969746
2.0475738826738654   	 -3.491460372207518
2.012498976487259   	 -3.4713104018438106
1.9779275325331662   	 -3.4513345433516966
1.9438500555352696   	 -3.4315303032526288
1.910257273625368   	 -3.4118952349832594
1.8771401320678989   	 -3.3924269377941796
1.8444897871891772   	 -3.373123055679515
1.8122976005037572   	 -3.3539812763363828
1.780555133030631   	 -3.334999330153235
1.7492541397922914   	 -3.316174989226167
1.71838656448996   	 -3.2975060664022804
1.6879445343485673   	 -3.2789904143492508
1.6579203551253208   	 -3.260625924650248
1.6283065062759687   	 -3.24241052692343
1.5990956362730773   	 -3.2243421879652154
1.5702805580708858   	 -3.206418910916592
1.5418542447115278   	 -3.188638734451758
1.5138098250675924   	 -3.1709997319883785
1.4861405797162193   	 -3.1535000109188007
1.4588399369400993   	 -3.1361377118615814
1.4319014688509475   	 -3.1189110079327036
1.4053188876311686   	 -3.1018181040358694
1.379086041889624   	 -3.08485723617131
1.353196913127558   	 -3.068026670762533
1.3276456123108846   	 -3.051324704000467
1.3024263765452084   	 -3.034749661204501
1.2775335658500602   	 -3.0182998961998857
1.2529616600289875   	 -3.00197379071103
1.2287052556322564   	 -2.9857697537702106
1.2047590630090463   	 -2.969686221141248
1.1811179034461348   	 -2.953721654757696
1.1577767063901887   	 -2.9378745421751344
1.1347305067508768   	 -2.922143396037147
1.1119744422821318   	 -2.90652675355458
1.0895037510389827   	 -2.891023175997718
1.0673137689074714   	 -2.875631248200973
1.0453999272052747   	 -2.8603495780797665
1.0237577503507123   	 -2.845176796159221
1.0023828535979378   	 -2.830111555114348
0.9812709408361624   	 -2.815152529321395
0.9604178024508595   	 -2.8002984144200487
0.9398193132449539   	 -2.785547926886166
0.9194714304180919   	 -2.7708998036147694
0.8993701916021353   	 -2.7563528015129957
0.8795117129511054   	 -2.7419056971027325
0.8598921872838553   	 -2.727557286132671
0.8405078822778154   	 -2.71330638319952
0.8213551387122128   	 -2.699151821378125
0.8024303687592239   	 -2.6850924518602515
0.783730054321567   	 -2.671127143601792
0.7652507454151042   	 -2.65725478297818
0.746989058595061   	 -2.6434742734477754
0.7289416754245255   	 -2.62978453522301
0.711105340983936   	 -2.6161845049490955
0.6934768624203058   	 -2.6026731353900785
0.6760531075349826   	 -2.5892493951220557
0.6588310034087702   	 -2.57591226823335
0.6418075350632985   	 -2.56266075403148
0.6249797441575419   	 -2.5494938667567273
0.6083447277184444   	 -2.5364106353021345
0.5918996369046309   	 -2.5234101029397746
0.5756416758022231   	 -2.5104913270531117
0.5595681002518145   	 -2.4976533788753112
0.5436762167056802   	 -2.4848953432333363
0.5279633811143416   	 -2.4722163182976864
0.5124269978416214   	 -2.4596154153376264
0.49706451860736245   	 -2.44709175848178
0.481873441457007   	 -2.4346444844839317
0.4668513097572573   	 -2.4222727424939228
0.45199571121706933   	 -2.4099756938335037
0.4373042769332486   	 -2.397752511777017
0.42277468045994754   	 -2.3856023813367955
0.40840463690137974   	 -2.3735244990531523
0.3941919020270946   	 -2.361518072788853
0.3801342714091709   	 -2.349582321527953
0.3662295795807129   	 -2.337716475178898
0.3524756992150503   	 -2.3259197743817825
0.33887054032505926   	 -2.314191470319653
0.3254120494820474   	 -2.302530824533776
0.3120982090536544   	 -2.290937108742756
0.2989270364602436   	 -2.279409604665422
0.2858965834492727   	 -2.267947603847384
0.2730049353871496   	 -2.2565504074911775
0.2602502105680915   	 -2.2452173262899
0.24763055953952587   	 -2.2339476802642677
0.23514416444357925   	 -2.222740798603003
0.2227892383742187   	 -2.2115960195064726
0.21056402474962221   	 -2.2005126900335044
0.19846679669936695   	 -2.189490165951304
0.1864958564660369   	 -2.1785278115884013
0.17464953482086432   	 -2.1676249996905503
0.16292619049302964   	 -2.156781111279519
0.15132420961225646   	 -2.1459955355147007
0.1398420051643489   	 -2.1352676695574715
0.12847801645932988   	 -2.1245969184382525
0.11723070861184724   	 -2.1139826949261877
0.10609857203352621   	 -2.103424419401397
0.09508012193695542   	 -2.092921519729735
0.08417389785100272   	 -2.0824734311400017
0.07337846314716644   	 -2.0720795961035536
0.06269240457667581   	 -2.0617394642162488
0.05211433181806289   	 -2.051452492082683
0.04164287703493643   	 -2.0412181432026673
0.031276694443695595   	 -2.0310358878598826
0.02101445989092922   	 -2.020905203012679
0.010854870440253768   	 -2.01082557218696
0.0007966439683497051   	 -2.000796485371113
-0.009161481230036687   	 -1.9908174389129336
-0.01902074682835258   	 -1.9808879354185056
-0.028782374845979057   	 -1.9710074836529878
-0.03844756801766668   	 -1.9611755984432737
-0.04801751015487391   	 -1.9513918005824724
-0.05749336649921053   	 -1.941655616736181
-0.0668762840681823   	 -1.9319665793504996
-0.07616739199342781   	 -1.9223242265617653
-0.08536780185163315   	 -1.9127281021079465
-0.09447860798830457   	 -1.9031777552416858
-0.10350088783457505   	 -1.8936727406449354
-0.1124357022172147   	 -1.8842126183451648
-0.12128409566201163   	 -1.8747969536331004
-0.1300470966906842   	 -1.8654253169819646
-0.1387257181114817   	 -1.8560972839681846
-0.1473209573036263   	 -1.8468124351935402
-0.15583379649574433   	 -1.837570356208715
-0.16426520303843237   	 -1.8283706374382271
-0.17261612967109796   	 -1.8192128741067135
-0.1808875147832116   	 -1.810096666166521
-0.18908028267010424   	 -1.801021618226606
-0.1971953437834389   	 -1.7919873394826884
-0.20523359497648286   	 -1.7829934436486494
-0.2131959197443035   	 -1.7740395488891405
-0.22108318845900712   	 -1.7651252777533868
-0.22889625860013688   	 -1.7562502571101457
-0.2366359749803435   	 -1.747414118083812
-0.24430316996643914   	 -1.7386164959916388
-0.25189866369594177   	 -1.72985703028205
-0.25942326428921425   	 -1.7211353644740275
-0.26687776805730096   	 -1.7124511460975451
-0.27426295970556047   	 -1.7038040266350347
-0.28157961253319114   	 -1.695193661463856
-0.28882848862874416   	 -1.6866197097997588
-0.29601033906171537   	 -1.6780818346413082
-0.30312590407030543   	 -1.6695797027152606
-0.31017591324543603   	 -1.6611129844228705
-0.31716108571110574   	 -1.6526813537871046
-0.3240821303011698   	 -1.6442844884007513
-0.3309397457326232   	 -1.6359220693754049
-0.33773462077546634   	 -1.627593781291307
-0.34446743441922995   	 -1.619299312148029
-0.35113885603623357   	 -1.6110383533159804
-0.35774954554165056   	 -1.6028105994887223
-0.3643001535504504   	 -1.5946157486360775
-0.37079132153128863   	 -1.586453501958014
-0.37722368195740974   	 -1.5783235638392912
-0.3835978584546314   	 -1.5702256418048568
-0.389914465946472   	 -1.5621594464759714
-0.39617411079648535   	 -1.5541246915270532
-0.40237739094786407   	 -1.546121093643232
-0.4085248960603686   	 -1.538148372478587
-0.4146172076446441   	 -1.5302062506150675
-0.42065489919397775   	 -1.5222944535220804
-0.4266385363135546   	 -1.514412709516723
-0.43256867684726463   	 -1.506560749724664
-0.4384458710021142   	 -1.4987383080416483
-0.4442706614702929   	 -1.4909451210956186
-0.4500435835489459   	 -1.4831809282094401
-0.45576516525770144   	 -1.4754454713642229
-0.46143592745400047   	 -1.4677384951632217
-0.46705638394627474   	 -1.4600597467963088
-0.47262704160502084   	 -1.452408976005008
-0.4781484004718117   	 -1.4447859350480794
-0.48362095386629106   	 -1.4371903786676403
-0.4890451884911929   	 -1.429622064055822
-0.49442158453542606   	 -1.422080750821941
-0.49975061577526636   	 -1.4145662009601865
-0.5050327496736932   	 -1.4070781788178035
-0.5102684474779119   	 -1.3996164510637734
-0.515458164315097   	 -1.3921807866579727
-0.5206023492863938   	 -1.384770956820811
-0.5257014455592159   	 -1.3773867350033309
-0.5307558904578713   	 -1.3700278968577664
-0.5357661155525519   	 -1.3626942202085515
-0.5407325467467212   	 -1.355385485023768
-0.5456556043629311   	 -1.3481014733870276
-0.5505357032271015   	 -1.3408419694697784
-0.555373252751291   	 -1.3336067595040288
-0.5601686570149935   	 -1.3263956317554826
-0.5649223148449867   	 -1.3192083764970768
-0.5696346198937624   	 -1.312044785982914
-0.5743059607165693   	 -1.304904654422584
-0.5789367208470929   	 -1.2977877779558677
-0.5835272788718021   	 -1.2906939546278158
-0.5880780085029883   	 -1.283622984364197
-0.5925892786505209   	 -1.2765746689473032
-0.5970614534923501   	 -1.2695488119921186
-0.6014948925437748   	 -1.2625452189228312
-0.6058899507255056   	 -1.255563696949692
-0.6102469784305422   	 -1.2486040550462068
-0.6145663215898935   	 -1.2416661039266659
-0.6188483217371575   	 -1.2347496560239934
-0.6230933160719867   	 -1.227854525467921
-0.6273016375224603   	 -1.2209805280634733
-0.6314736148063838   	 -1.2141274812697653
-0.6356095724915362   	 -1.2072952041791003
-0.6397098310548864   	 -1.200483517496369
-0.6437747069407985   	 -1.1936922435187411
-0.6478045126182442   	 -1.1869212061156476
-0.6517995566370424   	 -1.180170230709041
-0.6557601436831441   	 -1.1734391442539418
-0.6596865746329823   	 -1.166727775219254
-0.6635791466069015   	 -1.1600359535688511
-0.667438153021687   	 -1.1533635107429276
-0.671263883642211   	 -1.1467102796396114
-0.67505662463221   	 -1.1400760945968298
-0.6788166586042117   	 -1.1334607913744315
-0.6825442646686278   	 -1.1268642071365516
-0.6862397184820253   	 -1.1202861804342226
-0.6899032922945961   	 -1.1137265511882242
-0.6935352549968359   	 -1.1071851606721688
-0.6971358721654494   	 -1.1006618514958182
-0.7007054061084945   	 -1.0941564675886266
-0.7042441159097825   	 -1.0876688541835104
-0.7077522574725427   	 -1.0811988578008347
-0.7112300835623718   	 -1.0747463262326196
-0.7146778438494762   	 -1.0683111085269568
-0.7180957849502196   	 -1.0618930549726378
-0.7214841504679946   	 -1.0554920170839859
-0.7248431810334234   	 -1.0491078475858933
-0.7281731143439041   	 -1.042740400399056
-0.7314741852025133   	 -1.0363895306254045
-0.7347466255562773   	 -1.0300550945337297
-0.7379906645338212   	 -1.0237369495454949
-0.7412065284824099   	 -1.0174349542208387
-0.74439444100439   	 -1.0111489682447583
-0.7475546229930441   	 -1.0048788524134755
-0.7506872926678667   	 -0.9986244686209792
-0.7537926656092755   	 -0.9923856798457433
-0.7568709547927625   	 -0.9861623501376181
-0.7599223706225007   	 -0.979954344604889
-0.7629471209644115   	 -0.9737615294015026
-0.765945411178706   	 -0.9675837717144578
-0.7689174441519043   	 -0.9614209397513568
-0.7718634203283498   	 -0.9552729027281162
-0.7747835377412176   	 -0.9491395308568334
-0.7776779920430358   	 -0.9430206953338073
-0.7805469765357195   	 -0.9369162683277109
-0.7833906822001317   	 -0.9308261229679112
-0.7862092977251779   	 -0.9247501333329388
-0.7890030095364395   	 -0.9186881744390976
-0.7917720018243585   	 -0.9126401222292202
-0.794516456571978   	 -0.9066058535615616
-0.7972365535822478   	 -0.9005852461988307
-0.7999324705049012   	 -0.8945781787973563
-0.8026043828629111   	 -0.8885845308963887
-0.8052524640785328   	 -0.8826041829075302
-0.8078768854989391   	 -0.8766370161042959
-0.8104778164214572   	 -0.8706829126118021
-0.8130554241184108   	 -0.864741755396579
-0.8156098738615766   	 -0.8588134282565064
-0.8181413289462607   	 -0.8528978158108724
-0.8206499507150012   	 -0.8469948034905496
-0.8231358985809032   	 -0.8411042775282903
-0.8255993300506124   	 -0.8352261249491363
-0.8280404007469341   	 -0.8293602335609441
-0.8304592644311013   	 -0.8235064919450209
-0.8328560730247007   	 -0.8176647894468718
-0.8352309766312589   	 -0.8118350161670559
-0.8375841235574978   	 -0.8060170629521493
-0.8399156603342607   	 -0.8002108213858126
-0.8422257317371191   	 -0.7944161837799649
-0.844514480806661   	 -0.7886330431660571
-0.8467820488684683   	 -0.7828612932864464
-0.8490285755527877   	 -0.7771008285858723
-0.8512541988139013   	 -0.7713515442030277
-0.8534590549491979   	 -0.7656133359622258
-0.8556432786179555   	 -0.7598861003651652
-0.8578070028598336   	 -0.754169734582783
-0.8599503591130854   	 -0.7484641364472039
-0.8620734772324894   	 -0.7427692044437777
-0.8641764855070092   	 -0.7370848377032065
-0.8662595106771834   	 -0.731410935993759
-0.8683226779522478   	 -0.7257473997135707
-0.8703661110270003   	 -0.7200941298830308
-0.8723899320984063   	 -0.7144510281372508
-0.8743942618819517   	 -0.7088179967186163
-0.8763792196277468   	 -0.7031949384694212
-0.8783449231363837   	 -0.6975817568245782
-0.8802914887745553   	 -0.691978355804413
-0.882219031490433   	 -0.6863846400075313
-0.8841276648288121   	 -0.6808005146037653
-0.8860175009460269   	 -0.6752258853271939
-0.887888650624637   	 -0.6696606584692367
-0.8897412232878923   	 -0.6641047408718227
-0.8915753270139753   	 -0.6585580399206277
-0.8933910685500279   	 -0.6530204635383854
-0.8951885533259653   	 -0.647491920178267
-0.8969678854680759   	 -0.6419723188173271
-0.8987291678124191   	 -0.6364615689500223
-0.900472501918013   	 -0.6309595805817905
-0.9021979880798252   	 -0.6254662642226989
-0.9039057253415642   	 -0.6199815308811573
-0.905595811508273   	 -0.614505292057691
-0.9072683431587334   	 -0.6090374597387803
-0.9089234156576784   	 -0.6035779463907592
-0.9105611231678186   	 -0.5981266649537752
-0.9121815586616833   	 -0.5926835288358091
-0.9137848139332805   	 -0.5872484519067531
-0.9153709796095785   	 -0.5818213484925473
-0.916940145161809   	 -0.5764021333693723
-0.9184923989165983   	 -0.5709907217578992
-0.920027828066925   	 -0.5655870293175932
-0.9215465186829098   	 -0.5601909721410729
-0.9230485557224386   	 -0.5548024667485227
-0.9245340230416192   	 -0.5494214300821574
-0.9260030034050788   	 -0.5440477795007396
-0.927455578496098   	 -0.5386814327741469
-0.9288918289265908   	 -0.5333223080779919
-0.9303118342469258   	 -0.5279703239882878
-0.9317156729555944   	 -0.5226253994761663
-0.9331034225087307   	 -0.5172874539026419
-0.9344751593294767   	 -0.5119564070134232
-0.9358309588172047   	 -0.5066321789337712
-0.9371708953565925   	 -0.5013146901634037
-0.938495042326554   	 -0.4960038615714435
-0.93980347210903   	 -0.4906996143914118
-0.9410962560976381   	 -0.4854018702162652
-0.9423734647061854   	 -0.4801105509934753
-0.9436351673770444   	 -0.474825579020151
-0.9448814325893953   	 -0.4695468769382013
-0.946112327867334   	 -0.4642743677295403
-0.9473279197878505   	 -0.4590079747113311
-0.9485282739886786   	 -0.45374762153127096
-0.9497134551760158   	 -0.44849323216291337
-0.9508835271321184   	 -0.44324473090103
-0.9520385527227722   	 -0.43800204235700935
-0.9531785939046393   	 -0.43276509145429315
-0.9543037117324845   	 -0.4275338034238488
-0.9554139663662804   	 -0.4223081037996773
-0.9565094170781947   	 -0.4170879184143574
-0.9575901222594607   	 -0.41187317339462337
-0.958656139427131   	 -0.40666379515697754
-0.9597075252307175   	 -0.40145971040333567
-0.9607443354587182   	 -0.3962608461167062
-0.9617666250450316   	 -0.3910671295569005
-0.9627744480752627   	 -0.3858784882562764
-0.9637678577929167   	 -0.3806948500155119
-0.9647469066054875   	 -0.37551614289940993
-0.9657116460904378   	 -0.3703422952327332
-0.9666621270010745   	 -0.3651732355960692
-0.9675983992723193   	 -0.36000889282172344
-0.9685205120263761   	 -0.3548491959896419
-0.9694285135782973   	 -0.34969407442336153
-0.970322451441446   	 -0.3445434576859878
-0.9712023723328632   	 -0.33939727557620036
-0.9720683221785312   	 -0.3342554581242838
-0.9729203461185425   	 -0.3291179355881862
-0.9737584885121701   	 -0.3239846384496016
-0.9745827929428428   	 -0.3188554974100792
-0.9753933022230248   	 -0.3137304433871552
-0.9761900583990027   	 -0.30860940751051136
-0.9769731027555786   	 -0.30349232111815494
-0.9777424758206706   	 -0.2983791157526231
-0.9784982173698233   	 -0.29326972315721
-0.9792403664306272   	 -0.28816407527221544
-0.9799689612870489   	 -0.28306210423121664
-0.9806840394836728   	 -0.2779637423573605
-0.9813856378298542   	 -0.2728689221596767
-0.9820737924037866   	 -0.2677775763294123
-0.9827485385564816   	 -0.26268963773638593
-0.9834099109156645   	 -0.2576050394253612
-0.9840579433895836   	 -0.2525237146124402
-0.9846926691707372   	 -0.24744559668147534
-0.9853141207395153   	 -0.24237061918049965
-0.9859223298677611   	 -0.2372987158181754
-0.9865173276222488   	 -0.23222982046025994
-0.9870991443680802   	 -0.22716386712608896
-0.9876678097720013   	 -0.22210078998507618
-0.988223352805639   	 -0.21704052335323024
-0.9887658017486577   	 -0.2119830016896865
-0.989295184191837   	 -0.20692815959325517
-0.9898115270400729   	 -0.20187593179898455
-0.9903148565152985   	 -0.19682625317473867
-0.9908051981593295   	 -0.1917790587177898
-0.991282576836634   	 -0.18673428355142488
-0.9917470167370227   	 -0.1816918629215653
-0.9921985413782677   	 -0.17665173219340038
-0.9926371736086433   	 -0.17161382684803358
-0.9930629356093931   	 -0.16657808247914102
-0.9934758488971238   	 -0.16154443478964262
-0.9938759343261234   	 -0.1565128195883844
-0.9942632120906088   	 -0.15148317278683288
-0.9946377017268966   	 -0.14645543039577988
-0.9949994221155072   	 -0.14142952852205867
-0.9953483914831894   	 -0.13640540336526963
-0.9956846274048817   	 -0.1313829912145167
-0.9960081468055938   	 -0.12636222844515282
-0.9963189659622244   	 -0.12134305151553502
-0.9966171005053044   	 -0.11632539696378828
-0.9969025654206689   	 -0.11130920140457762
-0.9971753750510634   	 -0.10629440152588898
-0.9974355430976761   	 -0.1012809340858175
-0.9976830826216032   	 -0.0962687359093634
-0.9979180060452442   	 -0.09125774388523511
-0.9981403251536275   	 -0.08624789496265907
-0.9983500510956693   	 -0.08123912614819609
-0.9985471943853623   	 -0.07623137450256372
-0.9987317649028974   	 -0.07122457713746459
-0.9989037718957153   	 -0.06621867121241992
-0.999063223979494   	 -0.061213593931608384
-0.9992101291390646   	 -0.056209282540709525
-0.9993444947292625   	 -0.051205674323751706
-0.9994663274757094   	 -0.04620270659996415
-0.9995756334755299   	 -0.041200316720632645
-0.9996724181979993   	 -0.036198442065958715
-0.999756686485126   	 -0.031197020041921885
-0.9998284425521655   	 -0.026195988077144624
-0.9998876899880694   	 -0.021195283619759753
-0.9999344317558665   	 -0.016194844134279893
-0.9999686701929776   	 -0.011194607098468683
-0.9999904070114644   	 -0.006194510000213363
-0.9999996432982102   	 -0.001194490334398483
-0.9999963795150376   	 0.003805514400219678
-0.9999806154987548   	 0.00880556670413827
-0.9999523504611408   	 0.013805729080232955
-0.9999115829888603   	 0.018806064036883237
-0.9998583110433132   	 0.023806634091098386
-0.9997925319604191   	 0.02880750177164425
-0.9997142424503339   	 0.0338087296221714
-0.9996234385970986   	 0.038810380204344685
-0.9995201158582254   	 0.04381251610097497
-0.9994042690642133   	 0.0488151999191528
-0.9992758924179982   	 0.05381849429338493
-0.999134979494337   	 0.058822461888733614
-0.9989815232391239   	 0.06382716540395916
-0.9988155159686388   	 0.06883266757466615
-0.9986369493687307   	 0.07383903117645343
-0.998445814493931   	 0.07884631902806853
-0.9982421017665016   	 0.08385459399456666
-0.9980258009754135   	 0.08886391899047437
-0.997796901275259   	 0.09387435698295898
-0.9975553911850938   	 0.09888597099500313
-0.9973012585872132   	 0.10389882410858547
-0.9970344907258579   	 0.10891297946786793
-0.9967550742058513   	 0.11392850028238904
-0.996462994991169   	 0.11894544983026487
-0.9961582384034369   	 0.12396389146139669
-0.9958407891203614   	 0.12898388860068688
-0.99551063117409   	 0.13400550475126247
-0.995167747949499   	 0.13902880349770713
-0.9948121221824149   	 0.14405384850930214
-0.9944437359577605   	 0.14908070354327602
-0.9940625707076338   	 0.1541094324480639
-0.993668607209313   	 0.15914009916657681
-0.9932618255831897   	 0.16417276773948056
-0.992842205290631   	 0.1692075023084856
-0.9924097251317684   	 0.1742443671196479
-0.991964363243213   	 0.17928342652668042
-0.9915060970956988   	 0.18432474499427692
-0.9910349034916492   	 0.1893683871014471
-0.9905507585626728   	 0.19441441754486455
-0.9900536377669814   	 0.19946290114222734
-0.9895435158867344   	 0.2045139028356313
-0.989020367025306   	 0.20956748769495745
-0.9884841646044769   	 0.21462372092127252
-0.9879348813615497   	 0.21968266785024462
-0.9873724893463857   	 0.22474439395557244
-0.9867969599183638   	 0.22980896485243038
-0.9862082637432616   	 0.23487644630092855
-0.9856063707900585   	 0.239946904209589
-0.9849912503276551   	 0.2450204046388376
-0.9843628709215162   	 0.25009701380451277
-0.9837212004302321   	 0.2551767980813915
-0.9830662060019962   	 0.26025982400673237
-0.9823978540710023   	 0.2653461582838363
-0.9817161103537588   	 0.27043586778562606
-0.9810209398453182   	 0.2755290195582437
-0.9803123068154228   	 0.2806256808246681
-0.9795901748045657   	 0.28572591898835037
-0.9788545066199645   	 0.29082980163687105
-0.9781052643314506   	 0.29593739654561607
-0.9773424092672688   	 0.30104877168147454
-0.97656590200979   	 0.30616399520655724
-0.9757757023911335   	 0.3112831354819367
-0.9749717694887026   	 0.31640626107140996
-0.9741540616206247   	 0.3215334407452833
-0.9733225363411037   	 0.32666474348418006
-0.9724771504356772   	 0.33180023848287243
-0.9716178599163827   	 0.3369399951541366
-0.9707446200168266   	 0.3420840831326323
-0.9698573851871606   	 0.347232572278808
-0.9689561090889593   	 0.3523855326828308
-0.9680407445900026   	 0.357543034668542
-0.9671112437589567   	 0.36270514879743954
-0.9661675578599606   	 0.36787194587268734
-0.9652096373471063   	 0.37304349694315103
-0.9642374318588217   	 0.37821987330746304
-0.9632508902121489   	 0.38340114651811424
-0.9622499603969192   	 0.3885873883855761
-0.9612345895698234   	 0.3937786709824515
-0.9602047240483748   	 0.39897506664765486
-0.9591603093047657   	 0.4041766479906241
-0.9581012899596161   	 0.4093834878955622
-0.9570276097756101   	 0.4145956595257113
-0.9559392116510244   	 0.41981323632765866
-0.9548360376131411   	 0.42503629203567445
-0.9537180288115498   	 0.43026490067608425
-0.9525851255113318   	 0.4354991365716739
-0.9514372670861292   	 0.44073907434612936
-0.9502743920110976   	 0.44598478892851195
-0.9490964378557358   	 0.45123635555776825
-0.9479033412765979   	 0.4564938497872765
-0.9466950380098815   	 0.4617573474894301
-0.9454714628638927   	 0.4670269248602577
-0.944232549711386   	 0.472302658424083
-0.9429782314817757   	 0.47758462503821963
-0.9417084401532211   	 0.48287290189771004
-0.9404231067445792   	 0.48816756654010046
-0.939122161307227   	 0.4934686968502579
-0.9378055329167504   	 0.49877637106522876
-0.9364731496644955   	 0.5040906677791381
-0.9351249386489867   	 0.5094116659481336
-0.9337608259672018   	 0.5147394448953694
-0.9323807367057088   	 0.5200740843160377
-0.9309845949316599   	 0.5254156642824428
-0.9295723236836404   	 0.5307642652491201
-0.9281438449623712   	 0.5361199680580035
-0.9266990797212632   	 0.5414828539436374
-0.9252379478568211   	 0.5468530045384373
-0.9237603681988934   	 0.5522305018779985
-0.9222662585007714   	 0.5576154284064548
-0.9207555354291268   	 0.5630078669818858
-0.9192281145537936   	 0.568407900881775
-0.9176839103373877   	 0.573815613808521
-0.9161228361247629   	 0.5792310898949987
-0.9145448041323024   	 0.5846544137101762
-0.9129497254370406   	 0.5900856702647832
-0.9113375099656144   	 0.595524945017035
-0.9097080664830449   	 0.6009723238784139
-0.9080613025813384   	 0.6064278932195041
-0.906397124667915   	 0.6118917398758867
-0.9047154379538519   	 0.617363951154092
-0.9030161464419472   	 0.6228446148376102
-0.9012991529145963   	 0.6283338191929634
-0.8995643589214793   	 0.6338316529758381
-0.8978116647670593   	 0.6393382054372808
-0.8960409694978847   	 0.6448535663299548
-0.8942521708896942   	 0.6503778259144622
-0.8924451654343246   	 0.655911074965731
-0.8906198483264127   	 0.6614534047794672
-0.888776113449892   	 0.6670049071786744
-0.8869138533642829   	 0.6725656745202423
-0.8850329592907669   	 0.678135799701603
-0.8831333210980481   	 0.6837153761674576
-0.8812148272879947   	 0.6893044979165747
-0.8792773649810595   	 0.6949032595086614
-0.8773208199014735   	 0.7005117560713068
-0.8753450763622123   	 0.7061300833070003
-0.8733500172497284   	 0.7117583375002265
-0.8713355240084492   	 0.7173966155246366
-0.8693014766250334   	 0.7230450148502972
-0.8672477536123856   	 0.728703633551019
-0.8651742319934222   	 0.7343725703117666
-0.8630807872845877   	 0.7400519244361499
-0.860967293479114   	 0.7457417958539964
-0.8588336230300223   	 0.7514422851290117
-0.8566796468328604   	 0.7571534934665223
-0.854505234208173   	 0.762875522721307
-0.8523102528837017   	 0.7686084754055174
-0.8500945689763048   	 0.7743524546966845
-0.8478580469736021   	 0.7801075644458215
-0.8456005497153299   	 0.7858739091856152
-0.8433219383744089   	 0.7916515941387123
-0.8410220724377169   	 0.7974407252261025
-0.8387008096865625   	 0.8032414090755966
-0.8363580061768544   	 0.8090537530304043
-0.8339935162189626   	 0.8148778651578104
-0.831607192357263   	 0.820713854257955
-0.8291988853493676   	 0.8265618298727143
-0.8267684441450235   	 0.8324219022946872
-0.8243157158646883   	 0.838294182576288
-0.8218405457777652   	 0.8441787825389472
-0.8193427772805002   	 0.850075814782422
-0.8168222518735311   	 0.8559853926942185
-0.8142788091390841   	 0.8619076304591248
-0.8117122867178123   	 0.8678426430688632
-0.8091225202852695   	 0.8737905463318549
-0.806509343528013   	 0.8797514568831065
-0.8038725881193293   	 0.8857254921942139
-0.8012120836945781   	 0.891712770583492
-0.7985276578261437   	 0.8977134112262252
-0.7958191359979914   	 0.9037275341650461
-0.7930863415798209   	 0.9097552603204431
-0.7903290958008076   	 0.9157967115013955
-0.7875472177229282   	 0.9218520104161445
-0.7847405242138612   	 0.9279212806830948
-0.7819088299194548   	 0.9340046468418564
-0.7790519472357552   	 0.9401022343644226
-0.7761696862805888   	 0.9462141696664897
-0.773261854864689   	 0.9523405801189212
-0.7703282584623593   	 0.9584815940593555
-0.7673687001816653   	 0.9646373408039618
-0.7643829807341489   	 0.9708079506593487
-0.7613708984040526   	 0.9769935549346215
-0.7583322490170487   	 0.9831942859535979
-0.7552668259084615   	 0.9894102770671802
-0.7521744198909773   	 0.9956416626658863
-0.7490548192218296   	 1.001888578192546
-0.7459078095694507   	 1.008151160155161
-0.7427331739795824   	 1.0144295461399333
-0.7395306928408332   	 1.020723874824464
-0.7363001438496739   	 1.0270342859911272
-0.7330413019748608   	 1.0333609205406193
-0.7297539394212758   	 1.0397039205056877
-0.7264378255931725   	 1.04606342906504
-0.7230927270568202   	 1.0524395905574433
-0.7197184075025306   	 1.0588325504960068
-0.7163146277060575   	 1.0652424555826576
-0.7128811454893617   	 1.0716694537228133
-0.7094177156807223   	 1.0781136940402485
-0.7059240900741884   	 1.0845753268921652
-0.7024000173883557   	 1.0910545038844657
-0.6988452432244575   	 1.097551377887236
-0.695259510023755   	 1.1040661030504373
-0.6916425570242167   	 1.1105988348198157
-0.6879941202164703   	 1.117149729953026
-0.684313932299016   	 1.1237189465359816
-0.680601722632687   	 1.130306643999429
-0.6768572171943421   	 1.1369129831357505
-0.6730801385297754   	 1.1435381261160023
-0.6692702057058304   	 1.150182236507189
-0.6654271342617005   	 1.1568454792897784
-0.6615506361594047   	 1.1635280208754668
-0.6576404197334166   	 1.1702300291251861
-0.6536961896394359   	 1.176951673367372
-0.649717646802284   	 1.1836931244164866
-0.6457044883629063   	 1.190454554591806
-0.6416564076244635   	 1.1972361377364729
-0.6375730939974967   	 1.2040380492368223
-0.6334542329441464   	 1.2108604660419855
-0.6292995059214059   	 1.2177035666837708
-0.625108590323394   	 1.2245675312968345
-0.6208811594226242   	 1.231452541639142
-0.6166168823102516   	 1.238358781112725
-0.6123154238352793   	 1.2452864347847379
-0.6079764445427011   	 1.2522356894088251
-0.6035996006105618   	 1.2592067334467971
-0.5991845437859115   	 1.2661997570906238
-0.5947309213196332   	 1.2732149522847533
-0.5902383759001225   	 1.2802525127487587
-0.5857065455857924   	 1.2873126340003158
-0.5811350637363848   	 1.2943955133785274
-0.5765235589430606   	 1.301501350067589
-0.5718716549572468   	 1.3086303451208108
-0.5671789706182123   	 1.315782701484995
-0.5624451197793504   	 1.3229586240251805
-0.5576697112331389   	 1.3301583195497613
-0.5528523486347522   	 1.3373819968359792
-0.5479926304242974   	 1.3446298666558059
-0.5430901497476464   	 1.3519021418022144
-0.5381444943758357   	 1.3591990371158513
-0.5331552466230034   	 1.3665207695121162
-0.5281219832628344   	 1.373867558008654
-0.5230442754434821   	 1.3812396237532691
-0.5179216886009349   	 1.3886371900522685
-0.512753782370797   	 1.3960604823992446
-0.5075401104984477   	 1.4035097285042986
-0.5022802207475466   	 1.4109851583237198
-0.49697365480685224   	 1.4184870040901294
-0.4916199481953133   	 1.4260155003430879
-0.48621863016540245   	 1.4335708839601864
-0.4807692236046509   	 1.4411533941886256
-0.47527124493534784   	 1.448763272677289
-0.46972420401236453   	 1.456400763509324
-0.46412760401906505   	 1.4640661132352388
-0.4584809413612606   	 1.4717595709065248
-0.4527837055591666   	 1.4794813881098112
-0.44703537913731983   	 1.487231819001571
-0.44123543751241173   	 1.495011120343375
-0.43538334887899194   	 1.5028195515377194
-0.429478574092997   	 1.5106573746644247
-0.4235205665530567   	 1.5185248545176249
-0.4175087720795294   	 1.5264222586433551
-0.4114426287912179   	 1.5343498573777523
-0.40532156697971217   	 1.5423079238858728
-0.3991450089813119   	 1.5502967342011502
-0.3929123690464696   	 1.5583165672654968
-0.3866230532067046   	 1.5663677049700626
-0.380276459138929   	 1.574450432196671
-0.3738719760271293   	 1.5825650368599333
-0.3674089844213444   	 1.5907118099500683
-0.3608868560938802   	 1.5988910455764267
-0.35430495389269795   	 1.6071030410117477
-0.3476626315919144   	 1.615348096737153
-0.34095923373934695   	 1.6236265164878934
-0.33419409550103857   	 1.631938607299872
-0.3273665425026934   	 1.640284679556944
-0.32047589066795334   	 1.648665047039024
-0.31352144605344234   	 1.657080026971006
-0.3065025046805075   	 1.6655299400725194
-0.2994183523635772   	 1.6740151106085306
-0.29226826453506327   	 1.682535866440816
-0.2850515060667226   	 1.6910925390803158
-0.2777673310874015   	 1.6996854637403929
-0.2704149827970743   	 1.708314979391009
-0.2629936932770938   	 1.716981428813843
-0.25550268329656284   	 1.7256851586583657
-0.24794116211473743   	 1.7344265194988953
-0.24030832727936835   	 1.7432058658926453
-0.23260336442088564   	 1.7520235564387991
-0.22482544704232746   	 1.760879953838617
-0.2169737363049135   	 1.7697754249566091
-0.2090473808091591   	 1.7787103408827878
-0.2010455163714239   	 1.7876850769960309
-0.1929672657957865   	 1.796700013028567
-0.184811738641133   	 1.8057555331316217
-0.17657803098334432   	 1.8148520259422314
-0.16826522517246453   	 1.8239898846512668
-0.159872389584729   	 1.8331695070726777
-0.15139857836932766   	 1.842391295713994
-0.1428428311897755   	 1.8516556578481052
-0.13420417295975884   	 1.8609630055863455
-0.12548161357332227   	 1.8703137559529182
-0.11667414762925751   	 1.8797083309606757
-0.10778075414955153   	 1.889147157688303
-0.09880039629174729   	 1.8986306683589127
-0.08973202105506647   	 1.9081593004201018
-0.08057455898013927   	 1.9177334966254937
-0.0713269238421817   	 1.92735370511779
-0.061988012337457474   	 1.9370203795133834
-0.0525567037628551   	 1.9467339789885465
-0.043031859688408   	 1.9564949683672503
-0.03341232362257885   	 1.9663038182106256
-0.023696920670125687   	 1.9761610049081266
-0.013884457182361094   	 1.9860670107704208
-0.003973720399610776   	 1.9960223241240456
0.006036521914327622   	 2.006027439407874
0.01614752184593062   	 2.016082857271427
0.026360551714110864   	 2.026189084675081
0.03667690446101202   	 2.036346634992198
0.0470978940516601   	 2.04655602811324
0.05762485588270094   	 2.056817790551901
0.06825914720046096   	 2.0671324555533066
0.07900214752857423   	 2.0775005632043273
0.08985525910542737   	 2.0879226605460532
0.10081990733167995   	 2.0983993016884845
0.11189754122812656   	 2.1089310479274817
0.12308963390417474   	 2.119518467864033
0.13439768303722   	 2.130162137525893
0.1458232113632092   	 2.14086264049164
0.15736776717869141   	 2.151620568017225
0.1690329248546639   	 2.1624365191650496
0.1808202853625317   	 2.1733111009356496
0.19273147681250777   	 2.1842449284020393
0.20476815500479045   	 2.1952386248467755
0.21693200399386667   	 2.206292821901813
0.22922473666629858   	 2.2174081596912183
0.2416480953323632   	 2.228585286976797
0.2542038523319255   	 2.2398248613067278
0.2668938106549376   	 2.25112754916725
0.27971980457696954   	 2.262494026137501
0.29268370031018687   	 2.2739249770475602
0.30578739667020854   	 2.2854210961397974
0.31903282575928726   	 2.296983087233589
0.3324219536662695   	 2.308611663893492
0.3459567811838106   	 2.3203075496009666
0.3596393445433299   	 2.3320714779297225
0.3734717161682104   	 2.3439041927247883
0.3874560054457611   	 2.355806448285394
0.40159435951848027   	 2.3677790095517612
0.4158889640951692   	 2.379822652295897
0.43034204428247125   	 2.3919381633164947
0.4449558654374242   	 2.404126340638049
0.45973273404163395   	 2.4163879937142827
0.4746749985977002   	 2.4287239436359993
0.4897850505485422   	 2.441135023343479
0.5050653252202973   	 2.453622077843528
0.5205183027894821   	 2.4661859644312973
0.5361465092751363   	 2.4788275529170125
0.551952517556686   	 2.4915477258577132
0.567938948418293   	 2.5043473787941584
0.5841084716204796   	 2.517227420493015
0.600463806999847   	 2.53018877319448
0.6170077255977301   	 2.543232372865468
0.633743050818664   	 2.55635916945852
0.6506726596195641   	 2.569570127176578
0.6677994837305549   	 2.5828662247437864
0.6851265109084124   	 2.596248455682477
0.7026567862236187   	 2.6097178285965086
0.7203934133820674   	 2.623275367461119
0.7383395560824835   	 2.636922111919488
0.7564984394106689   	 2.6506591175861667
0.7748733512717186   	 2.6644874563575778
0.793467643861394   	 2.6784082167297756
0.8122847351778808   	 2.6924225041236607
0.831328110575204   	 2.706531441217858
0.8506013243596157   	 2.720736168289469
0.8701080014303209   	 2.7350378435629157
0.8898518389659542   	 2.7494376435671017
0.9098366081582687   	 2.7639367635011256
0.9300661559945553   	 2.7785364176087777
0.9505444070903669   	 2.7932378395620856
0.9712753655741675   	 2.808042282854137
0.9922631170256063   	 2.8229510212014706
1.0135118304691577   	 2.837965348956296
1.0350257604249453   	 2.8530865815288156
1.0568092490186347   	 2.8683160558199545
1.0788667281523416   	 2.8836551306647897
1.1012027217385865   	 2.899105187286992
1.1238218479993913   	 2.9146676297645957
1.146728821832701   	 2.9303438855074337
1.1699284572483926   	 2.946135405746581
1.1934256698762171   	 2.962043666036149
1.217225479548117   	 2.9780701667678127
1.2413330129574462   	 2.994216433698437
1.2657535063977206   	 3.010484018491193
1.2904923085836353   	 3.0268744992705825
1.3155548835571758   	 3.043389481191769
1.3409468136817764   	 3.0600305970246615
1.3666738027275838   	 3.0767995077532007
1.3927416790510085   	 3.0936979031902956
1.4191563988718743   	 3.1107275026089147
1.445924049651595   	 3.127890055389796
1.473050853575968   	 3.1451873416863223
1.5005431711462938   	 3.1626211731070755
1.5284075048826888   	 3.180193393416626
1.5566505031436193   	 3.197905879255122
1.5852789640658407   	 3.215760540877284
1.6142998396291033   	 3.233759322911402
1.6437202398501534   	 3.2519042051389846
1.6735474371107577   	 3.2701972032957016
1.703788870624668   	 3.288640369894323
1.7344521510486413   	 3.307235795070343
1.7655450652428522   	 3.325985607451032
1.797075581186259   	 3.3448919750486765
1.8290518530527078   	 3.363957106178798
1.8614822264538122   	 3.3831832504041586
1.8943752438549042   	 3.402572699505422
1.9277396501706086   	 3.4221277884793304
1.9615843985468904   	 3.441850896565329
1.9959186563367017   	 3.46174444830158
2.03075181127668   	 3.4818109146113496
2.0660934778726627   	 3.5020528139208085
2.1019535040021244   	 3.522472713309288
2.1383419777419927   	 3.5430732296931104
2.1752692344307007   	 3.563857031044147
2.212745863973672   	 3.58482683764428
2.2507827184019042   	 3.60598542337703
2.289390919693707   	 3.6273356170576263
2.3285818678701187   	 3.648880303802863
2.3683672493750105   	 3.670622426442148
2.4087590457513564   	 3.692564986971174
2.449769542625716   	 3.714711048049749
2.491411339013494   	 3.7370637345453415
2.533697356958127   	 3.7596262351239798
2.5766408515179737   	 3.7824018038902074
2.620255421115319   	 3.8053937620778844
2.6645550182625586   	 3.8286054997936567
2.7095539606813714   	 3.8520404778150357
2.7552669428314225   	 3.8757022294450962
2.8017090478659172   	 3.899594362425875
2.848895760032163   	 3.9237205609126464
2.8968429775361804   	 3.948084587511357
2.945567025891309   	 3.9726902853815873
2.9950846717717354   	 3.997541580407506
3.0454131373928837   	 4.0226424834394034
3.096570115441688   	 4.047997092608486
3.148573784580929   	 4.073609595717748
3.201442825552979   	 4.099484272711863
3.2551964379095972   	 4.125625498229134
3.3098543573957393   	 4.1520377442387195
3.3654368740167735   	 4.178725582766484
3.4219648508199674   	 4.205693688712942
3.4794597434227192   	 4.232946842766972
3.5379436203216406   	 4.260489934419111
3.5974391840183895   	 4.2883279650784125
3.6579697930000092   	 4.316466051297061
3.719559484613492   	 4.3449094281071
3.7822329988764105   	 4.37366345247387
3.8460158032676146   	 4.4027336068709015
3.9109341185444224   	 4.432125502981351
3.977014945635105   	 4.461844885531143
4.044286093658213   	 4.491897636259408
4.112776209123003   	 4.522289778031921
4.182514806368204   	 4.553027479103636
4.253532299299521   	 4.5841170575366075
4.325860034489594   	 4.615564985780004
4.399530325707651   	 4.647377895419158
4.474576489949885   	 4.679562582100975
4.551032885045563   	 4.712126010643418
4.628934948918102   	 4.7450753203371185
4.708319240584897   	 4.778417830447603
4.789223482984437   	 4.812161045927053
