Tabla del radio en funcion del angulo para trayectoria parabolica de perihelio 0.1 UA:
   Angulo [rad]				 Radio [UA]
-2.356194490192345			0.6828427124746189
-2.351194490192345			0.6746782987367086
-2.346194490192345			0.6666677248478808
-2.341194490192345			0.6588071613349709
-2.3361944901923453			0.6510928972304086
-2.3311944901923454			0.6435213356989263
-2.3261944901923455			0.6360889898514018
-2.3211944901923456			0.6287924787367488
-2.3161944901923457			0.6216285235032484
-2.311194490192346			0.6145939437211848
-2.306194490192346			0.6076856538590849
-2.301194490192346			0.6009006599062747
-2.296194490192346			0.5942360561348475
-2.2911944901923462			0.5876890219945072
-2.2861944901923463			0.5812568191340904
-2.2811944901923464			0.574936788543898
-2.2761944901923465			0.5687263478132646
-2.2711944901923466			0.5626229884980879
-2.2661944901923468			0.5566242735933071
-2.261194490192347			0.5507278351055762
-2.256194490192347			0.5449313717216175
-2.251194490192347			0.5392326465679703
-2.246194490192347			0.5336294850580627
-2.2411944901923473			0.5281197728227374
-2.2361944901923474			0.5227014537205574
-2.2311944901923475			0.5173725279243926
-2.2261944901923476			0.5121310500809646
-2.2211944901923477			0.5069751275401897
-2.216194490192348			0.501902918651307
-2.211194490192348			0.49691263112293255
-2.206194490192348			0.49200252044431037
-2.201194490192348			0.4871708883651645
-2.1961944901923482			0.48241608143168163
-2.1911944901923484			0.4777364895762649
-2.1861944901923485			0.4731305447588157
-2.1811944901923486			0.46859671965740235
-2.1761944901923487			0.4641335264062745
-2.171194490192349			0.459739515379277
-2.166194490192349			0.455413274016807
-2.161194490192349			0.4511534256945395
-2.156194490192349			0.4469586286322342
-2.151194490192349			0.44282757484100577
-2.1461944901923493			0.43875898910751737
-2.1411944901923494			0.434751628013624
-2.1361944901923495			0.4308042789900594
-2.1311944901923496			0.42691575940282195
-2.1261944901923497			0.42308491567097467
-2.12119449019235			0.41931062241463024
-2.11619449019235			0.415591781631948
-2.11119449019235			0.41192732190401754
-2.10619449019235			0.4083161976265554
-2.1011944901923503			0.4047573882673866
-2.0961944901923504			0.4012498976487259
-2.0911944901923505			0.39779275325331664
-2.0861944901923506			0.39438500555352696
-2.0811944901923507			0.3910257273625368
-2.076194490192351			0.3877140132067899
-2.071194490192351			0.38444897871891776
-2.066194490192351			0.3812297600503758
-2.061194490192351			0.37805551330306314
-2.0561944901923512			0.3749254139792292
-2.0511944901923513			0.371838656448996
-2.0461944901923514			0.3687944534348568
-2.0411944901923516			0.3657920355125321
-2.0361944901923517			0.3628306506275969
-2.0311944901923518			0.35990956362730775
-2.026194490192352			0.3570280558070886
-2.021194490192352			0.35418542447115275
-2.016194490192352			0.35138098250675925
-2.011194490192352			0.348614057971622
-2.0061944901923523			0.3458839936940099
-2.0011944901923524			0.3431901468850948
-1.9961944901923525			0.3405318887631169
-1.9911944901923526			0.3379086041889624
-1.9861944901923527			0.3353196913127558
-1.9811944901923528			0.3327645612310885
-1.976194490192353			0.3302426376545209
-1.971194490192353			0.32775335658500604
-1.9661944901923532			0.32529616600289873
-1.9611944901923533			0.32287052556322565
-1.9561944901923534			0.32047590630090467
-1.9511944901923535			0.3181117903446135
-1.9461944901923536			0.3157776706390189
-1.9411944901923537			0.31347305067508774
-1.9361944901923538			0.31119744422821316
-1.931194490192354			0.3089503751038983
-1.926194490192354			0.30673137689074714
-1.921194490192354			0.3045399927205275
-1.9161944901923542			0.30237577503507124
-1.9111944901923543			0.3002382853597938
-1.9061944901923544			0.29812709408361626
-1.9011944901923545			0.296041780245086
-1.8961944901923546			0.2939819313244954
-1.8911944901923547			0.2919471430418092
-1.8861944901923549			0.2899370191602136
-1.881194490192355			0.28795117129511055
-1.876194490192355			0.28598921872838556
-1.8711944901923552			0.28405078822778157
-1.8661944901923553			0.28213551387122127
-1.8611944901923554			0.2802430368759224
-1.8561944901923555			0.27837300543215676
-1.8511944901923556			0.27652507454151043
-1.8461944901923557			0.27469890585950607
-1.8411944901923558			0.2728941675424526
-1.836194490192356			0.2711105340983936
-1.831194490192356			0.2693476862420306
-1.8261944901923561			0.26760531075349825
-1.8211944901923562			0.26588310034087703
-1.8161944901923563			0.26418075350632986
-1.8111944901923565			0.26249797441575423
-1.8061944901923566			0.26083447277184446
-1.8011944901923567			0.2591899636904631
-1.7961944901923568			0.2575641675802223
-1.7911944901923569			0.25595681002518145
-1.786194490192357			0.25436762167056803
-1.781194490192357			0.25279633811143415
-1.7761944901923572			0.25124269978416214
-1.7711944901923573			0.24970645186073626
-1.7661944901923574			0.2481873441457007
-1.7611944901923575			0.24668513097572575
-1.7561944901923576			0.24519957112170696
-1.7511944901923577			0.24373042769332487
-1.7461944901923578			0.2422774680459948
-1.741194490192358			0.24084046369013798
-1.736194490192358			0.23941919020270946
-1.7311944901923582			0.2380134271409171
-1.7261944901923583			0.2366229579580713
-1.7211944901923584			0.23524756992150503
-1.7161944901923585			0.23388705403250595
-1.7111944901923586			0.23254120494820474
-1.7061944901923587			0.23120982090536546
-1.7011944901923588			0.22989270364602438
-1.696194490192359			0.22858965834492728
-1.691194490192359			0.22730049353871498
-1.6861944901923591			0.22602502105680916
-1.6811944901923592			0.2247630559539526
-1.6761944901923593			0.22351441644435796
-1.6711944901923594			0.22227892383742187
-1.6661944901923595			0.22105640247496222
-1.6611944901923597			0.2198466796699367
-1.6561944901923598			0.2186495856466037
-1.6511944901923599			0.21746495348208644
-1.64619449019236			0.21629261904930297
-1.64119449019236			0.21513242096122567
-1.6361944901923602			0.21398420051643488
-1.6311944901923603			0.212847801645933
-1.6261944901923604			0.21172307086118472
-1.6211944901923605			0.21060985720335262
-1.6161944901923606			0.20950801219369555
-1.6111944901923607			0.20841738978510027
-1.6061944901923608			0.20733784631471663
-1.601194490192361			0.2062692404576676
-1.596194490192361			0.20521143318180632
-1.5911944901923611			0.20416428770349365
-1.5861944901923613			0.20312766944436958
-1.5811944901923614			0.20210144598909294
-1.5761944901923615			0.2010854870440254
-1.5711944901923616			0.20007966439683497
-1.5661944901923617			0.19908385187699632
-1.5611944901923618			0.19809792531716475
-1.556194490192362			0.1971217625154021
-1.551194490192362			0.19615524319823335
-1.546194490192362			0.19519824898451263
-1.5411944901923622			0.19425066335007898
-1.5361944901923623			0.1933123715931818
-1.5311944901923624			0.19238326080065724
-1.5261944901923625			0.19146321981483672
-1.5211944901923626			0.19055213920116956
-1.5161944901923627			0.18964991121654254
-1.5111944901923628			0.18875642977827856
-1.506194490192363			0.18787159043379886
-1.501194490192363			0.18699529033093157
-1.4961944901923632			0.1861274281888518
-1.4911944901923633			0.18526790426963738
-1.4861944901923634			0.18441662035042558
-1.4811944901923635			0.18357347969615675
-1.4761944901923636			0.18273838703289022
-1.4711944901923637			0.18191124852167886
-1.4661944901923638			0.18109197173298958
-1.461194490192364			0.18028046562165612
-1.456194490192364			0.17947664050235174
-1.4511944901923641			0.17868040802556964
-1.4461944901923642			0.17789168115409928
-1.4411944901923643			0.17711037413998632
-1.4361944901923644			0.17633640250196567
-1.4311944901923646			0.1755696830033561
-1.4261944901923647			0.17481013363040585
-1.4211944901923648			0.1740576735710786
-1.4161944901923649			0.1733122231942699
-1.411194490192365			0.17257370402944394
-1.406194490192365			0.1718420387466809
-1.4011944901923652			0.17111715113712558
-1.3961944901923653			0.17039896609382849
-1.3911944901923654			0.1696874095929695
-1.3861944901923655			0.1689824086754564
-1.3811944901923656			0.16828389142888944
-1.3761944901923657			0.167591786969883
-1.3711944901923658			0.1669060254267377
-1.366194490192366			0.16622653792245337
-1.361194490192366			0.165553256558077
-1.3561944901923662			0.16488611439637665
-1.3511944901923663			0.16422504544583494
-1.3461944901923664			0.16356998464495498
-1.3411944901923665			0.16292086784687115
-1.3361944901923666			0.16227763180425903
-1.3311944901923667			0.1616402141545369
-1.3261944901923668			0.16100855340535283
-1.321194490192367			0.16038258892035148
-1.316194490192367			0.15976226090521362
-1.3111944901923671			0.15914751039396316
-1.3061944901923672			0.1585382792355356
-1.3011944901923673			0.15793451008060225
-1.2961944901923674			0.15733614636864457
-1.2911944901923675			0.15674313231527356
-1.2861944901923676			0.15615541289978857
-1.2811944901923678			0.15557293385297072
-1.2761944901923679			0.15499564164510543
-1.271194490192368			0.15442348347422985
-1.266194490192368			0.15385640725459998
-1.2611944901923682			0.15329436160537255
-1.2561944901923683			0.1527372958394979
-1.2511944901923684			0.15218515995281884
-1.2461944901923685			0.1516379046133709
-1.2411944901923686			0.15109548115088073
-1.2361944901923687			0.1505578415464574
-1.2311944901923688			0.1500249384224734
-1.226194490192369			0.1494967250326307
-1.221194490192369			0.1489731552522088
-1.2161944901923691			0.1484541835684903
-1.2111944901923692			0.1479397650713606
-1.2061944901923694			0.1474298554440784
-1.2011944901923695			0.14692441095421288
-1.1961944901923696			0.1464233884447448
-1.1911944901923697			0.1459267453253279
-1.1861944901923698			0.14543443956370689
-1.1811944901923699			0.14494642967728985
-1.17619449019237			0.14446267472487093
-1.17119449019237			0.14398313429850065
-1.1661944901923702			0.14350776851550134
-1.1611944901923703			0.14303653801062377
-1.1561944901923704			0.14256940392834308
-1.1511944901923705			0.1421063279152907
-1.1461944901923706			0.14164727211281977
-1.1411944901923707			0.14119219914970121
-1.1361944901923708			0.1407410721349479
-1.131194490192371			0.140293854650765
-1.126194490192371			0.13985051074562252
-1.1211944901923712			0.13941100492744946
-1.1161944901923713			0.13897530215694578
-1.1111944901923714			0.13854336784101065
-1.1061944901923715			0.13811516782628427
-1.1011944901923716			0.13769066839280134
-1.0961944901923717			0.13726983624775396
-1.0911944901923718			0.1368526385193616
-1.086194490192372			0.1364390427508464
-1.081194490192372			0.13602901689451138
-1.0761944901923721			0.13562252930592014
-1.0711944901923722			0.1352195487381756
-1.0661944901923723			0.1348200443362958
-1.0611944901923724			0.1344239856316856
-1.0561944901923725			0.13403134253670176
-1.0511944901923727			0.13364208533930985
-1.0461944901923728			0.1332561846978313
-1.0411944901923729			0.1328736116357789
-1.036194490192373			0.132494337536779
-1.031194490192373			0.13211833413957882
-1.0261944901923732			0.13174557353313723
-1.0211944901923733			0.1313760281517975
-1.0161944901923734			0.1310096707705404
-1.0111944901923735			0.1306464745003164
-1.0061944901923736			0.13028641278345507
-1.0011944901923737			0.12992945938915054
-0.9961944901923737			0.12957558840902178
-0.9911944901923737			0.12922477425274576
-0.9861944901923737			0.12887699164376282
-0.9811944901923737			0.1285322156150524
-0.9761944901923737			0.12819042150497803
-0.9711944901923737			0.12785158495320054
-0.9661944901923737			0.12751568189665766
-0.9611944901923737			0.1271826885656096
-0.9561944901923737			0.12685258147974865
-0.9511944901923737			0.12652533744437228
-0.9461944901923737			0.12620093354661788
-0.9411944901923737			0.125879347151759
-0.9361944901923737			0.125560555899561
-0.9311944901923737			0.1252445377006956
-0.9261944901923737			0.12493127073321333
-0.9211944901923736			0.12462073343907246
-0.9161944901923736			0.12431290452072376
-0.9111944901923736			0.12400776293774994
-0.9061944901923736			0.12370528790355885
-0.9011944901923736			0.1234054588821294
-0.8961944901923736			0.12310825558480955
-0.8911944901923736			0.12281365796716502
-0.8861944901923736			0.12252164622587824
-0.8811944901923736			0.12223220079569644
-0.8761944901923736			0.12194530234642809
-0.8711944901923736			0.12166093177998683
-0.8661944901923736			0.12137907022748222
-0.8611944901923736			0.12109969904635605
-0.8561944901923736			0.12082279981756415
-0.8511944901923736			0.1205483543428022
-0.8461944901923736			0.12027634464177522
-0.8411944901923736			0.12000675294950988
-0.8361944901923736			0.11973956171370888
-0.8311944901923736			0.11947475359214674
-0.8261944901923736			0.11921231145010609
-0.8211944901923736			0.1189522183578543
-0.8161944901923736			0.11869445758815893
-0.8111944901923736			0.11843901261384235
-0.8061944901923735			0.11818586710537392
-0.8011944901923735			0.11793500492849988
-0.7961944901923735			0.11768641014190968
-0.7911944901923735			0.11744006699493875
-0.7861944901923735			0.1171959599253066
-0.7811944901923735			0.11695407355688987
-0.7761944901923735			0.11671439269752994
-0.7711944901923735			0.1164769023368741
-0.7661944901923735			0.11624158764425023
-0.7611944901923735			0.11600843396657394
-0.7561944901923735			0.11577742682628808
-0.7511944901923735			0.1155485519193339
-0.7461944901923735			0.11532179511315319
-0.7411944901923735			0.11509714244472123
-0.7361944901923735			0.11487458011860989
-0.7311944901923735			0.11465409450508021
-0.7261944901923735			0.11443567213820445
-0.7211944901923735			0.11421929971401663
-0.7161944901923735			0.11400496408869147
-0.7111944901923735			0.11379265227675106
-0.7061944901923735			0.11358235144929907
-0.7011944901923735			0.11337404893228167
-0.6961944901923734			0.11316773220477525
-0.6911944901923734			0.1129633888973
-0.6861944901923734			0.11276100679015938
-0.6811944901923734			0.11256057381180481
-0.6761944901923734			0.11236207803722534
-0.6711944901923734			0.11216550768636163
-0.6661944901923734			0.11197085112254448
-0.6611944901923734			0.11177809685095672
-0.6561944901923734			0.1115872335171188
-0.6511944901923734			0.11139824990539733
-0.6461944901923734			0.1112111349375363
-0.6411944901923734			0.11102587767121078
-0.6361944901923734			0.11084246729860248
-0.6311944901923734			0.11066089314499719
-0.6261944901923734			0.11048114466740348
-0.6211944901923734			0.11030321145319241
-0.6161944901923734			0.1101270832187581
-0.6111944901923734			0.10995274980819873
-0.6061944901923734			0.10978020119201749
-0.6011944901923734			0.1096094274658436
-0.5961944901923734			0.1094404188491727
-0.5911944901923734			0.10927316568412666
-0.5861944901923734			0.10910765843423217
-0.5811944901923733			0.10894388768321814
-0.5761944901923733			0.1087818441338317
-0.5711944901923733			0.10862151860667195
-0.5661944901923733			0.10846290203904216
-0.5611944901923733			0.1083059854838191
-0.5561944901923733			0.10815076010834017
-0.5511944901923733			0.1079972171933075
-0.5461944901923733			0.10784534813170901
-0.5411944901923733			0.10769514442775614
-0.5361944901923733			0.10754659769583808
-0.5311944901923733			0.10739969965949214
-0.5261944901923733			0.10725444215039019
-0.5211944901923733			0.10711081710734091
-0.5161944901923733			0.10696881657530745
-0.5111944901923733			0.10682843270444056
-0.5061944901923733			0.10668965774912695
-0.5011944901923733			0.10655248406705235
-0.49619449019237327			0.10641690411827952
-0.49119449019237327			0.10628291046434074
-0.48619449019237326			0.1061504957673446
-0.48119449019237326			0.10601965278909702
-0.47619449019237325			0.10589037439023621
-0.47119449019237325			0.10576265352938147
-0.46619449019237325			0.10563648326229555
-0.46119449019237324			0.10551185674106046
-0.45619449019237324			0.10538876721326662
-0.45119449019237323			0.10526720802121495
-0.4461944901923732			0.10514717260113214
-0.4411944901923732			0.10502865448239843
-0.4361944901923732			0.10491164728678817
-0.4311944901923732			0.10479614472772278
-0.4261944901923732			0.10468214060953607
-0.4211944901923732			0.10456962882675155
-0.4161944901923732			0.10445860336337198
-0.4111944901923732			0.10434905829218055
-0.4061944901923732			0.10424098777405395
-0.4011944901923732			0.1041343860572869
-0.3961944901923732			0.10402924747692825
-0.3911944901923732			0.1039255664541282
-0.3861944901923732			0.10382333749549684
-0.38119449019237317			0.10372255519247373
-0.37619449019237317			0.10362321422070833
-0.37119449019237316			0.10352530933945125
-0.36619449019237316			0.10342883539095622
-0.36119449019237315			0.10333378729989255
-0.35619449019237315			0.10324016007276808
-0.35119449019237314			0.10314794879736239
-0.34619449019237314			0.1030571486421703
-0.34119449019237313			0.10296775485585541
-0.33619449019237313			0.10287976276671369
-0.3311944901923731			0.10279316778214688
-0.3261944901923731			0.10270796538814575
-0.3211944901923731			0.10262415114878298
-0.3161944901923731			0.10254172070571572
-0.3111944901923731			0.10246066977769754
-0.3061944901923731			0.10238099416009973
-0.3011944901923731			0.10230268972444213
-0.2961944901923731			0.10222575241793293
-0.2911944901923731			0.10215017826301767
-0.2861944901923731			0.10207596335693728
-0.2811944901923731			0.1020031038712951
-0.2761944901923731			0.10193159605163274
-0.27119449019237307			0.1018614362170146
-0.26619449019237307			0.10179262075962137
-0.26119449019237306			0.10172514614435185
-0.25619449019237306			0.10165900890843356
-0.25119449019237305			0.10159420566104163
-0.24619449019237305			0.10153073308292629
-0.24119449019237305			0.10146858792604847
-0.23619449019237304			0.10140776701322389
-0.23119449019237304			0.10134826723777511
-0.22619449019237303			0.101290085563192
-0.22119449019237303			0.10123321902279987
-0.21619449019237302			0.10117766471943611
-0.21119449019237302			0.10112341982513424
-0.20619449019237301			0.1010704815808163
-0.201194490192373			0.10101884729599271
-0.196194490192373			0.10096851434847016
-0.191194490192373			0.10091948018406703
-0.186194490192373			0.10087174231633661
-0.181194490192373			0.10082529832629773
-0.176194490192373			0.10078014586217322
-0.17119449019237298			0.10073628263913567
-0.16619449019237298			0.1006937064390607
-0.16119449019237297			0.10065241511028764
-0.15619449019237297			0.10061240656738765
-0.15119449019237297			0.10057367879093915
-0.14619449019237296			0.10053622982731034
-0.14119449019237296			0.1005000577884493
-0.13619449019237295			0.10046516085168106
-0.13119449019237295			0.10043153725951186
-0.12619449019237294			0.10039918531944063
-0.12119449019237294			0.10036810340377754
-0.11619449019237293			0.10033828994946958
-0.11119449019237293			0.10030974345793313
-0.10619449019237293			0.10028246249489367
-0.10119449019237292			0.1002564456902324
-0.09619449019237292			0.10023169173783968
-0.09119449019237291			0.10020819939547558
-0.08619449019237291			0.10018596748463725
-0.0811944901923729			0.10016499489043308
-0.0761944901923729			0.10014528056146377
-0.0711944901923729			0.10012682350971028
-0.06619449019237289			0.10010962281042847
-0.06119449019237289			0.10009367760205061
-0.056194490192372895			0.10007898708609354
-0.0511944901923729			0.10006555052707375
-0.0461944901923729			0.10005336725242907
-0.0411944901923729			0.10004243665244701
-0.036194490192372905			0.10003275818020006
-0.031194490192372904			0.10002433135148742
-0.026194490192372903			0.10001715574478344
-0.021194490192372902			0.10001123100119307
-0.0161944901923729			0.10000655682441334
-0.0111944901923729			0.10000313298070224
-0.0061944901923729			0.10000095929885358
-0.0011944901923729			0.10000003567017897
0.0038055098076271			0.10000036204849627
0.0088055098076271			0.10000193845012453
0.013805509807627101			0.10000476495388592
0.018805509807627102			0.10000884170111399
0.023805509807627103			0.10001416889566869
0.028805509807627104			0.10002074680395809
0.0338055098076271			0.10002857575496664
0.0388055098076271			0.10003765614029014
0.0438055098076271			0.10004798841417746
0.048805509807627094			0.10005957309357867
0.05380550980762709			0.10007241075820018
0.05880550980762709			0.10008650205056628
0.06380550980762709			0.10010184767608761
0.06880550980762709			0.1001184484031361
0.0738055098076271			0.10013630506312694
0.0788055098076271			0.1001554185506069
0.0838055098076271			0.10017578982334985
0.08880550980762711			0.10019741990245865
0.09380550980762711			0.1002203098724741
0.09880550980762712			0.10024446088149061
0.10380550980762712			0.10026987414127866
0.10880550980762713			0.10029655092741421
0.11380550980762713			0.10032449257941486
0.11880550980762714			0.10035370050088312
0.12380550980762714			0.10038417615965634
0.12880550980762714			0.10041592108796386
0.13380550980762715			0.10044893688259102
0.13880550980762715			0.10048322520505011
0.14380550980762716			0.10051878778175853
0.14880550980762716			0.10055562640422396
0.15380550980762717			0.1005937429292366
0.15880550980762717			0.1006331392790687
0.16380550980762718			0.10067381744168104
0.16880550980762718			0.10071577947093692
0.17380550980762718			0.10075902748682317
0.1788055098076272			0.10080356367567869
0.1838055098076272			0.10084939029043014
0.1888055098076272			0.1008965096508351
0.1938055098076272			0.10094492414373273
0.1988055098076272			0.10099463622330185
0.2038055098076272			0.10104564841132656
0.20880550980762722			0.10109796329746941
0.21380550980762722			0.10115158353955231
0.21880550980762722			0.10120651186384502
0.22380550980762723			0.10126275106536145
0.22880550980762723			0.10132030400816365
0.23380550980762724			0.10137917362567382
0.23880550980762724			0.10143936292099415
0.24380550980762725			0.1015008749672345
0.24880550980762725			0.10156371290784838
0.2538055098076272			0.10162787995697678
0.25880550980762723			0.10169337939980039
0.26380550980762724			0.10176021459289977
0.26880550980762724			0.10182838896462412
0.27380550980762725			0.10189790601546818
0.27880550980762725			0.10196876931845772
0.28380550980762725			0.10204098251954344
0.28880550980762726			0.10211454933800355
0.29380550980762726			0.10218947356685494
0.29880550980762727			0.10226575907327312
0.30380550980762727			0.10234340979902103
0.3088055098076273			0.10242242976088664
0.3138055098076273			0.10250282305112973
0.3188055098076273			0.10258459383793751
0.3238055098076273			0.10266774636588963
0.3288055098076273			0.10275228495643228
0.3338055098076273			0.10283821400836174
0.3388055098076273			0.10292553799831734
0.3438055098076273			0.10301426148128395
0.3488055098076273			0.10310438909110406
0.3538055098076273			0.10319592554099977
0.3588055098076273			0.10328887562410433
0.3638055098076273			0.10338324421400394
0.36880550980762733			0.10347903626528937
0.37380550980762733			0.10357625681411785
0.37880550980762734			0.10367491097878512
0.38380550980762734			0.10377500396030806
0.38880550980762735			0.10387654104301765
0.39380550980762735			0.10397952759516252
0.39880550980762736			0.10408396906952343
0.40380550980762736			0.1041898710040384
0.40880550980762737			0.104297239022439
0.41380550980762737			0.10440607883489757
0.4188055098076274			0.10451639623868589
0.4238055098076274			0.10462819711884502
0.4288055098076274			0.10474148744886684
0.4338055098076274			0.10485627329138708
0.4388055098076274			0.10497256079889024
0.4438055098076274			0.10509035621442643
0.4488055098076274			0.10520966587234022
0.4538055098076274			0.10533049619901186
0.4588055098076274			0.10545285371361073
0.4638055098076274			0.10557674502886141
0.4688055098076274			0.10570217685182243
0.4738055098076274			0.10582915598467789
0.4788055098076274			0.1059576893255421
0.48380550980762743			0.1060877838692773
0.48880550980762744			0.10621944670832498
0.49380550980762744			0.10635268503355044
0.49880550980762745			0.10648750613510133
0.5038055098076274			0.10662391740327984
0.5088055098076274			0.10676192632942913
0.5138055098076274			0.10690154050683402
0.5188055098076274			0.10704276763163596
0.5238055098076274			0.10718561550376288
0.5288055098076274			0.10733009202787366
0.5338055098076274			0.10747620521431792
0.5388055098076274			0.10762396318011065
0.5438055098076274			0.10777337414992286
0.5488055098076274			0.10792444645708733
0.5538055098076274			0.10807718854462064
0.5588055098076274			0.10823160896626124
0.5638055098076274			0.1083877163875237
0.5688055098076275			0.10854551958676975
0.5738055098076275			0.10870502745629597
0.5788055098076275			0.10886624900343857
0.5838055098076275			0.10902919335169554
0.5888055098076275			0.10919386974186615
0.5938055098076275			0.1093602875332085
0.5988055098076275			0.10952845620461481
0.6038055098076275			0.10969838535580527
0.6088055098076275			0.1098700847085404
0.6138055098076275			0.1100435641078521
0.6188055098076275			0.11021883352329408
0.6238055098076275			0.11039590305021155
0.6288055098076275			0.11057478291103057
0.6338055098076275			0.11075548345656752
0.6388055098076275			0.11093801516735875
0.6438055098076275			0.11112238865501081
0.6488055098076275			0.11130861466357173
0.6538055098076275			0.11149670407092332
0.6588055098076275			0.11168666789019521
0.6638055098076275			0.11187851727120053
0.6688055098076275			0.11207226350189406
0.6738055098076275			0.11226791800985265
0.6788055098076275			0.11246549236377879
0.6838055098076276			0.11266499827502716
0.6888055098076276			0.11286644759915508
0.6938055098076276			0.11306985233749667
0.6988055098076276			0.11327522463876145
0.7038055098076276			0.11348257680065776
0.7088055098076276			0.11369192127154124
0.7138055098076276			0.11390327065208859
0.7188055098076276			0.11411663769699779
0.7238055098076276			0.11433203531671399
0.7288055098076276			0.1145494765791827
0.7338055098076276			0.11476897471162985
0.7388055098076276			0.11499054310236953
0.7438055098076276			0.1152141953026398
0.7488055098076276			0.11543994502846702
0.7538055098076276			0.11566780616255912
0.7588055098076276			0.11589779275622832
0.7638055098076276			0.11612991903134376
0.7688055098076276			0.11636419938231457
0.7738055098076276			0.11660064837810377
0.7788055098076276			0.1168392807642737
0.7838055098076276			0.11708011146506325
0.7888055098076276			0.11732315558549765
0.7938055098076277			0.11756842841353117
0.7988055098076277			0.11781594542222348
0.8038055098076277			0.11806572227194997
0.8088055098076277			0.11831777481264691
0.8138055098076277			0.1185721190860916
0.8188055098076277			0.11882877132821876
0.8238055098076277			0.11908774797147305
0.8288055098076277			0.11934906564719872
0.8338055098076277			0.11961274118806708
0.8388055098076277			0.11987879163054219
0.8438055098076277			0.12014723421738564
0.8488055098076277			0.12041808640020087
0.8538055098076277			0.12069136584201794
0.8588055098076277			0.12096709041991927
0.8638055098076277			0.12124527822770718
0.8688055098076277			0.12152594757861387
0.8738055098076277			0.12180911700805452
0.8788055098076277			0.12209480527642451
0.8838055098076277			0.12238303137194112
0.8888055098076277			0.1226738145135311
0.8938055098076277			0.12296717415376408
0.8988055098076277			0.12326312998183347
0.9038055098076277			0.12356170192658511
0.9088055098076278			0.12386291015959473
0.9138055098076278			0.12416677509829514
0.9188055098076278			0.12447331740915386
0.9238055098076278			0.12478255801090227
0.9288055098076278			0.12509451807781705
0.9338055098076278			0.12540921904305494
0.9388055098076278			0.12572668260204178
0.9438055098076278			0.12604693071591672
0.9488055098076278			0.12636998561503263
0.9538055098076278			0.12669586980251393
0.9588055098076278			0.12702460605787244
0.9638055098076278			0.12735621744068276
0.9688055098076278			0.12769072729431796
0.9738055098076278			0.12802815924974698
0.9788055098076278			0.12836853722939426
0.9838055098076278			0.12871188545106382
0.9888055098076278			0.12905822843192777
0.9938055098076278			0.1294075909925812
0.9988055098076278			0.12975999826116444
1.0038055098076277			0.13011547567755427
1.0088055098076276			0.1304740489976245
1.0138055098076275			0.1308357442975783
1.0188055098076274			0.13120058797835296
1.0238055098076273			0.1315686067700984
1.0288055098076272			0.1319398277367313
1.033805509807627			0.1323142782805658
1.038805509807627			0.13269198614702246
1.0438055098076269			0.13307297942941698
1.0488055098076268			0.13345728657382994
1.0538055098076267			0.13384493638405953
1.0588055098076266			0.13423595802665836
1.0638055098076264			0.13463038103605643
1.0688055098076263			0.13502823531977162
1.0738055098076262			0.1354295511637094
1.0788055098076261			0.13583435923755366
1.083805509807626			0.13624269060025032
1.088805509807626			0.13665457670558537
1.0938055098076258			0.1370700494078594
1.0988055098076257			0.13748914096766057
1.1038055098076256			0.13791188405773758
1.1088055098076255			0.13833831176897485
1.1138055098076254			0.13876845761647208
1.1188055098076253			0.1392023555457299
1.1238055098076252			0.13964003993894383
1.128805509807625			0.14008154562140887
1.133805509807625			0.14052690786803668
1.1388055098076248			0.14097616240998775
1.1438055098076247			0.14142934544142077
1.1488055098076246			0.14188649362636155
1.1538055098076245			0.14234764410569392
1.1588055098076244			0.14281283450427532
1.1638055098076243			0.14328210293817878
1.1688055098076242			0.14375548802206498
1.173805509807624			0.14423302887668613
1.178805509807624			0.1447147651365248
1.183805509807624			0.14520073695757027
1.1888055098076238			0.14569098502523536
1.1938055098076237			0.14618555056241644
1.1988055098076236			0.14668447533769965
1.2038055098076235			0.14718780167371656
1.2088055098076234			0.14769557245565182
1.2138055098076233			0.14820783113990652
1.2188055098076231			0.1487246217629203
1.223805509807623			0.14924598895015523
1.228805509807623			0.14977197792524535
1.2338055098076228			0.15030263451931478
1.2388055098076227			0.1508380051804687
1.2438055098076226			0.15137813698345978
1.2488055098076225			0.15192307763953491
1.2538055098076224			0.15247287550646524
1.2588055098076223			0.15302757959876354
1.2638055098076222			0.1535872395980935
1.268805509807622			0.15415190586387395
1.273805509807622			0.15472162944408335
1.2788055098076219			0.15529646208626804
1.2838055098076218			0.15587645624875884
1.2888055098076217			0.1564616651121008
1.2938055098076215			0.15705214259070033
1.2988055098076214			0.15764794334469434
1.3038055098076213			0.15824912279204706
1.3088055098076212			0.15885573712087825
1.3138055098076211			0.1594678433020288
1.318805509807621			0.1600854991018688
1.323805509807621			0.16070876309535306
1.3288055098076208			0.16133769467932954
1.3338055098076207			0.1619723540861071
1.3388055098076206			0.16261280239728707
1.3438055098076205			0.16325910155786558
1.3488055098076204			0.163911314390612
1.3538055098076203			0.1645695046107302
1.3588055098076202			0.16523373684080855
1.36380550980762			0.1659040766260653
1.36880550980762			0.16658059044989618
1.3738055098076198			0.16726334574973067
1.3788055098076197			0.16795241093320468
1.3838055098076196			0.16864785539465577
1.3888055098076195			0.16934974953194926
1.3938055098076194			0.17005816476364227
1.3988055098076193			0.1707731735464937
1.4038055098076192			0.17149484939332774
1.408805509807619			0.17222326689125989
1.413805509807619			0.1729585017202926
1.4188055098076189			0.17370063067229063
1.4238055098076188			0.17444973167034372
1.4288055098076187			0.17520588378852628
1.4338055098076186			0.1759691672720632
1.4388055098076185			0.17673966355791146
1.4438055098076183			0.17751745529576726
1.4488055098076182			0.17830262636950867
1.4538055098076181			0.1790952619190841
1.458805509807618			0.17989544836285762
1.463805509807618			0.18070327342042133
1.4688055098076178			0.18151882613588669
1.4738055098076177			0.18234219690166556
1.4788055098076176			0.18317347748275356
1.4838055098076175			0.1840127610415271
1.4888055098076174			0.18486014216306726
1.4938055098076173			0.18571571688102248
1.4988055098076172			0.1865795827040241
1.503805509807617			0.1874518386426678
1.508805509807617			0.18833258523707425
1.5138055098076169			0.18922192458504486
1.5188055098076167			0.1901199603708253
1.5238055098076166			0.19102679789449334
1.5288055098076165			0.1919425441019861
1.5338055098076164			0.19286730761578183
1.5388055098076163			0.1938011987662543
1.5438055098076162			0.1947443296237145
1.548805509807616			0.1956968140311592
1.553805509807616			0.19665876763774215
1.558805509807616			0.19763030793298741
1.5638055098076158			0.19861155428176389
1.5688055098076157			0.19960262796003894
1.5738055098076156			0.20060365219143278
1.5788055098076155			0.20161475218459307
1.5838055098076154			0.2026360551714111
1.5888055098076153			0.2036676904461012
1.5938055098076152			0.20470978940516604
1.598805509807615			0.2057624855882701
1.603805509807615			0.2068259147200461
1.6088055098076148			0.20790021475285744
1.6138055098076147			0.20898552591054273
1.6188055098076146			0.21008199073316802
1.6238055098076145			0.21118975412281266
1.6288055098076144			0.2123089633904175
1.6338055098076143			0.21343976830372202
1.6388055098076142			0.21458232113632092
1.643805509807614			0.21573677671786914
1.648805509807614			0.2169032924854664
1.6538055098076139			0.2180820285362532
1.6588055098076138			0.21927314768125078
1.6638055098076137			0.22047681550047904
1.6688055098076136			0.22169320039938667
1.6738055098076134			0.22292247366662987
1.6788055098076133			0.22416480953323634
1.6838055098076132			0.22542038523319255
1.6888055098076131			0.22668938106549377
1.693805509807613			0.22797198045769695
1.698805509807613			0.22926837003101871
1.7038055098076128			0.23057873966702086
1.7088055098076127			0.23190328257592874
1.7138055098076126			0.23324219536662696
1.7188055098076125			0.23459567811838106
1.7238055098076124			0.235963934454333
1.7288055098076123			0.23734717161682106
1.7338055098076122			0.23874560054457614
1.738805509807612			0.24015943595184802
1.743805509807612			0.24158889640951692
1.7488055098076118			0.24303420442824714
1.7538055098076117			0.24449558654374245
1.7588055098076116			0.2459732734041634
1.7638055098076115			0.24746749985977004
1.7688055098076114			0.24897850505485422
1.7738055098076113			0.25050653252202976
1.7788055098076112			0.25205183027894823
1.783805509807611			0.2536146509275137
1.788805509807611			0.25519525175566865
1.7938055098076109			0.2567938948418293
1.7988055098076108			0.258410847162048
1.8038055098076107			0.2600463806999847
1.8088055098076106			0.26170077255977303
1.8138055098076105			0.26337430508186643
1.8188055098076104			0.2650672659619564
1.8238055098076102			0.2667799483730555
1.8288055098076101			0.26851265109084127
1.83380550980761			0.2702656786223619
1.83880550980761			0.2720393413382068
1.8438055098076098			0.27383395560824836
1.8488055098076097			0.2756498439410669
1.8538055098076096			0.2774873351271719
1.8588055098076095			0.2793467643861394
1.8638055098076094			0.28122847351778807
1.8688055098076093			0.2831328110575204
1.8738055098076092			0.2850601324359616
1.878805509807609			0.2870108001430321
1.883805509807609			0.28898518389659544
1.8888055098076089			0.2909836608158269
1.8938055098076088			0.29300661559945557
1.8988055098076086			0.2950544407090367
1.9038055098076085			0.2971275365574168
1.9088055098076084			0.29922631170256064
1.9138055098076083			0.30135118304691577
1.9188055098076082			0.30350257604249453
1.9238055098076081			0.3056809249018635
1.928805509807608			0.3078866728152342
1.933805509807608			0.3101202721738587
1.9388055098076078			0.3123821847999391
1.9438055098076077			0.3146728821832701
1.9488055098076076			0.31699284572483927
1.9538055098076075			0.3193425669876217
1.9588055098076074			0.3217225479548117
1.9638055098076073			0.32413330129574464
1.9688055098076072			0.32657535063977206
1.973805509807607			0.3290492308583635
1.978805509807607			0.33155548835571763
1.9838055098076068			0.33409468136817766
1.9888055098076067			0.33666738027275844
1.9938055098076066			0.33927416790510084
1.9988055098076065			0.3419156398871875
2.0038055098076066			0.3445924049651595
2.0088055098076065			0.34730508535759685
2.0138055098076064			0.3500543171146294
2.0188055098076063			0.35284075048826885
2.023805509807606			0.3556650503143619
2.028805509807606			0.3585278964065841
2.033805509807606			0.3614299839629104
2.038805509807606			0.36437202398501534
2.043805509807606			0.36735474371107574
2.0488055098076057			0.3703788870624668
2.0538055098076056			0.37344521510486417
2.0588055098076055			0.37655450652428524
2.0638055098076054			0.37970755811862594
2.0688055098076052			0.3829051853052708
2.073805509807605			0.38614822264538123
2.078805509807605			0.3894375243854904
2.083805509807605			0.39277396501706086
2.088805509807605			0.39615843985468907
2.0938055098076047			0.3995918656336702
2.0988055098076046			0.403075181127668
2.1038055098076045			0.4066093477872663
2.1088055098076044			0.41019535040021243
2.1138055098076043			0.4138341977741993
2.118805509807604			0.4175269234430701
2.123805509807604			0.42127458639736726
2.128805509807604			0.4250782718401905
2.133805509807604			0.42893909196937074
2.1388055098076038			0.43285818678701193
2.1438055098076036			0.4368367249375011
2.1488055098076035			0.44087590457513565
2.1538055098076034			0.4449769542625716
2.1588055098076033			0.4491411339013494
2.1638055098076032			0.45336973569581274
2.168805509807603			0.45766408515179735
2.173805509807603			0.4620255421115319
2.178805509807603			0.4664555018262559
2.183805509807603			0.47095539606813713
2.1888055098076027			0.47552669428314226
2.1938055098076026			0.48017090478659175
2.1988055098076025			0.4848895760032163
2.2038055098076024			0.48968429775361805
2.2088055098076023			0.4945567025891309
2.213805509807602			0.4995084671771736
2.218805509807602			0.5045413137392885
2.223805509807602			0.5096570115441689
2.228805509807602			0.5148573784580929
2.2338055098076017			0.520144282555298
2.2388055098076016			0.5255196437909597
2.2438055098076015			0.5309854357395739
2.2488055098076014			0.5365436874016773
2.2538055098076013			0.5421964850819968
2.258805509807601			0.5479459743422719
2.263805509807601			0.553794362032164
2.268805509807601			0.559743918401839
2.273805509807601			0.565796979300001
2.2788055098076008			0.5719559484613492
2.2838055098076007			0.5782232998876411
2.2888055098076006			0.5846015803267615
2.2938055098076005			0.5910934118544423
2.2988055098076003			0.5977014945635105
2.3038055098076002			0.6044286093658213
2.3088055098076			0.6112776209123003
2.3138055098076			0.6182514806368204
2.3188055098076			0.6253532299299521
2.3238055098076			0.6325860034489594
2.3288055098075997			0.6399530325707651
2.3338055098075996			0.6474576489949885
2.3388055098075995			0.6551032885045563
2.3438055098075994			0.6628934948918103
2.3488055098075993			0.6708319240584898
2.353805509807599			0.6789223482984438
