Tabla de coordenadas (x,y) para trayectoria parabolica:
	 x [UA] 				 y [UA]
1.2071067811865472   	 -1.2071067811865475
1.1866957468417714   	 -1.1986224371509868
1.166669312119702   	 -1.190239182735849
1.147017903337427   	 -1.181955119003013
1.1277322430760217   	 -1.1737683941374557
1.1088033392473158   	 -1.165677201993466
1.0902224746285045   	 -1.157679780694344
1.071981196841872   	 -1.1497744112833057
1.0540713087581206   	 -1.141959416423421
1.0364848593029619   	 -1.1342331591445216
1.0192141346477122   	 -1.1265940416351012
1.0022516497656868   	 -1.1190405040773488
0.9855901403371188   	 -1.1115710235235168
0.9692225549862679   	 -1.1041841128119294
0.9531420478352259   	 -1.096878319521006
0.9373419713597448   	 -1.0896522249597551
0.9218158695331613   	 -1.082504443193265
0.9065574712452198   	 -1.0754336201017802
0.8915606839832679   	 -1.0684384324720204
0.8768195877639404   	 -1.0615175871194693
0.8623284293040439   	 -1.0546698200403972
0.8480816164199259   	 -1.0478938955924524
0.8340737126451567   	 -1.0411886057027118
0.8202994320568435   	 -1.03455276910211
0.8067536343013935   	 -1.0279852305852422
0.7934313198109813   	 -1.0214848602945523
0.7803276252024114   	 -1.0150505530279816
0.767437818850474   	 -1.008681227569183
0.7547572966282674   	 -1.0023758260394489
0.7422815778073313   	 -0.9961333132705337
0.7300063011107758   	 -0.9899526761975928
0.7179272209129113   	 -0.9838329232714829
0.7060402035792039   	 -0.9777730838897152
0.6943412239406621   	 -0.9717722078453684
0.6828263618970392   	 -0.9658293647933051
0.6714917991435059   	 -0.9599436437330611
0.660333816015686   	 -0.9541141525078045
0.6493487884481923   	 -0.9483400173187844
0.6385331850420175   	 -0.9426203822547111
0.6278835642363485   	 -0.9369544088355358
0.6173965715805854   	 -0.9313412755701238
0.6070689371025144   	 -0.9257801775273191
0.5968974727687932   	 -0.9202703259199404
0.58687907003406   	 -0.9148109477012505
0.5770106974751485   	 -0.9094012851734644
0.5672893985070548   	 -0.9040405956078825
0.5577122891774366   	 -0.8987281508762462
0.5482765560365754   	 -0.893463237092929
0.53897945407987   	 -0.8882451542675986
0.5298183047600438   	 -0.8830732159679875
0.5207904940663883   	 -0.8779467489924365
0.5118934706684664   	 -0.8728650930518795
0.5031247441218147   	 -0.8678276004609526
0.49448188313329156   	 -0.8628336358379242
0.4859625138838174   	 -0.8578825758131572
0.477564318406342   	 -0.8529738087458149
0.4692850330169747   	 -0.8481067344485449
0.4611224467972943   	 -0.8432807639198787
0.4530744001259393   	 -0.8384953190840957
0.44513878325765777   	 -0.8337498325383087
0.43731353494807285   	 -0.8290437473065417
0.42959664112249   	 -0.8243765166005701
0.4219861335871418   	 -0.8197476035873127
0.4144800887813302   	 -0.815156481162562
0.4070766265689922   	 -0.8106026317308574
0.3997739090682693   	 -0.8060855469913039
0.39257013951772146   	 -0.801604727729148
0.38546356117788194   	 -0.7971596836129395
0.3784524562668981   	 -0.7927499329970946
0.3715351449290548   	 -0.7883750027297002
0.3647099842350248   	 -0.7840344279653954
0.3579753672127369   	 -0.7797277519831759
0.35132972190779216   	 -0.7754545260089674
0.344771510472406   	 -0.7712143090428275
0.3382992282818895   	 -0.7670066676906333
0.33191140307772116   	 -0.7628311760001167
0.3256065941363021   	 -0.7586874153011253
0.31938339146251504   	 -0.7545749740499714
0.31324041500724686   	 -0.7504934476777575
0.3071763139080641   	 -0.7464424384425526
0.3011897657522616   	 -0.742421555285312
0.2952794758615337   	 -0.738430413689424
0.2894441765975472   	 -0.7344686355437836
0.2836826266877192   	 -0.7305358490092867
0.27799361057053296   	 -0.726631688388645
0.27237593775974567   	 -0.7227557939994295
0.26682844222686786   	 -0.7189078120502432
0.2613499818013187   	 -0.7150873945199416
0.25593943758767806   	 -0.7112941990398053
0.25059571339948444   	 -0.707527888778587
0.2453177352090406   	 -0.7037881323303488
0.24010445061271488   	 -0.7000746036050122
0.23495482831123848   	 -0.6963869817215415
0.22986785760452297   	 -0.6927249509036923
0.22484254790053382   	 -0.6890882003782489
0.21987792823777635   	 -0.6854764242756831
0.21497304682096383   	 -0.6818893215331677
0.21012697056945384   	 -0.67832659579988
0.2053387846780532   	 -0.6747879553445313
0.20060759218980598   	 -0.6712731129650629
0.19593251358039174   	 -0.667781785900448
0.19131268635377605   	 -0.664313695744545
0.18674726464876526   	 -0.6608685683619439
0.18223541885613137   	 -0.6574461338057525
0.177776335245984   	 -0.6540461262372739
0.17336921560507645   	 -0.6506682838475196
0.16901327688374565   	 -0.6473123487805139
0.16470775085219255   	 -0.6439780670583375
0.16045188376582462   	 -0.64066518850787
0.15624493603938547   	 -0.6373734666891818
0.1520861819296111   	 -0.6341026588255336
0.14797490922615772   	 -0.6308525257349437
0.14391041895055579   	 -0.6276228317632779
0.13989202506295362   	 -0.6244133447188278
0.13591905417642006   	 -0.6212238358083341
0.1319908452785854   	 -0.6180540795744216
0.12810674946040534   	 -0.6149038538344066
0.12426612965184061   	 -0.611772939620445
0.12046836036425175   	 -0.6086611211209829
0.11671282743931433   	 -0.6055681856234807
0.11299892780426733   	 -0.6024939234583759
0.10932606923331215   	 -0.5994381279442542
0.10569367011498688   	 -0.5964005953341989
0.10210115922534493   	 -0.5933811247632881
0.09854797550677365   	 -0.5903795181972132
0.09503356785229272   	 -0.5873955803819882
0.09155739489517822   	 -0.5844291187947245
0.08811892480376257   	 -0.5814799435954456
0.08471763508126481   	 -0.5785478675799133
0.08135301237051185   	 -0.575632706133444
0.0780245522634136   	 -0.572734277185689
0.0747317591150609   	 -0.5698524011663555
0.07147414586231818   	 -0.566986900961846
0.0682512338467874   	 -0.5641376018727944
0.06506255264202288   	 -0.561304331572475
0.06190763988488147   	 -0.5584869200660669
0.05878604111089481   	 -0.5556851996507508
0.05569730959355468   	 -0.5528990048766181
0.052641006187405553   	 -0.5501281725083761
0.04961669917484174   	 -0.547372541487826
0.04662396411650922   	 -0.5446319528971003
0.04366238370521608   	 -0.5419062499226376
0.04073154762325741   	 -0.5391952778198797
0.037831052403064114   	 -0.5364988838786752
0.03496050129108722   	 -0.5338169173893679
0.03211950411483247   	 -0.5311492296095631
0.02930767715296181   	 -0.5284956737315469
0.026524643008381553   	 -0.5258561048503493
0.023770030484238855   	 -0.5232303799324337
0.02104347446275068   	 -0.5206183577850004
0.01834461578679161   	 -0.5180198990258884
0.015673101144168953   	 -0.5154348660540622
0.013028582954515722   	 -0.5128631230206707
0.010410719258734108   	 -0.5103045358006668
0.007819173610923899   	 -0.5077589719649707
0.005253614972732305   	 -0.5052263007531698
0.002713717610063442   	 -0.50270639304674
0.00019916099208742627   	 -0.5001991213427782
-0.0022903703075091717   	 -0.4977043597282334
-0.004755186707088145   	 -0.4952219838546264
-0.007195593711494764   	 -0.49275187091324696
-0.00961189200441667   	 -0.49029389961081843
-0.012004377538718478   	 -0.4878479501456181
-0.014373341624802633   	 -0.48541390418404523
-0.016719071017045575   	 -0.4829916448376249
-0.019041847998356953   	 -0.4805810566404413
-0.021341950462908287   	 -0.47818202552698663
-0.023619651997076142   	 -0.47579443881042144
-0.025875221958643762   	 -0.47341818516123385
-0.028108925554303676   	 -0.4710531545862912
-0.03032102391550291   	 -0.4686992384082751
-0.03251177417267105   	 -0.46635632924549114
-0.03468142952787043   	 -0.46402432099204616
-0.03683023932590657   	 -0.46170310879838505
-0.03895844912393608   	 -0.4593925890521787
-0.04106630075960809   	 -0.4570926593595568
-0.04315403241777449   	 -0.4548032185266784
-0.0452218786958029   	 -0.45252416654163025
-0.04727007066752606   	 -0.4502554045566515
-0.04929883594585972   	 -0.4479968348706721
-0.051308398744120715   	 -0.44574836091216236
-0.05329897993607587   	 -0.4435098872222851
-0.05527079711475178   	 -0.4412813194383467
-0.05722406465003422   	 -0.4390625642775364
-0.059158993745085875   	 -0.436853529520953
-0.061075792491609784   	 -0.4346541239979097
-0.06297466592398544   	 -0.4324642575705125
-0.06485581607230356   	 -0.43028384111850687
-0.06671944201432524   	 -0.4281127865243863
-0.06856573992639012   	 -0.4259510066587587
-0.07039490313329778   	 -0.423798415365964
-0.07220712215718604   	 -0.4216549274499397
-0.07400258476542884   	 -0.41952045866032706
-0.07578147601757636   	 -0.41739492567881514
-0.07754397831135901   	 -0.4152782461057176
-0.07929027142777643   	 -0.41317033844677614
-0.08102053257529244   	 -0.4110711221001878
-0.0827349364331558   	 -0.4089805173438512
-0.08443365519386659   	 -0.40689844532282676
-0.08611685860480749   	 -0.40482482803700726
-0.08778471400905839   	 -0.4027595883289951
-0.08943738638541264   	 -0.40070264987218057
-0.0910750383876126   	 -0.39865393715901937
-0.09269783038282216   	 -0.3966133754895035
-0.09430592048935243   	 -0.3945808909598228
-0.09589946461365785   	 -0.3925564104512142
-0.097478616486618   	 -0.39053986161899285
-0.09904352769912134   	 -0.3885311728817633
-0.10059434773696602   	 -0.386530273410808
-0.10213122401509216   	 -0.38453709311964673
-0.10365430191116103   	 -0.3825515626537669
-0.10516372479849444   	 -0.3805736133805201
-0.10665963407838865   	 -0.37860317737918076
-0.10814216921181616   	 -0.376640187431166
-0.10961146775052855   	 -0.3746845770104121
-0.11106766536757323   	 -0.37273628027390465
-0.11251089588723648   	 -0.37079523205236004
-0.11394129131442536   	 -0.3688613678410557
-0.11535898186350012   	 -0.36693462379080544
-0.11676409598656869   	 -0.3650149366990772
-0.11815676040125521   	 -0.363102244001252
-0.11953710011795292   	 -0.36119648376201985
-0.12090523846657276   	 -0.3592975946669101
-0.12226129712279822   	 -0.3574055160139555
-0.12360539613385652   	 -0.35552018770548527
-0.12493765394381659   	 -0.3536415502400466
-0.1262581874184233   	 -0.3517695447044509
-0.12756711186947797   	 -0.34990411276594335
-0.12886454107877424   	 -0.3480451966644932
-0.13015058732159845   	 -0.34619273920520277
-0.13142536138980399   	 -0.3443466837508327
-0.13268897261446783   	 -0.3425069742144416
-0.13394152888813798   	 -0.34067355505213787
-0.1351831366866803   	 -0.338846371255942
-0.1364139010907328   	 -0.3370253683467569
-0.1376339258067754   	 -0.3352104923674446
-0.13884331318782275   	 -0.3334016898760072
-0.14004216425374838   	 -0.33159890793887065
-0.14123057871124667   	 -0.3298020941242692
-0.1424086549734406   	 -0.3280111964957285
-0.1435764901791423   	 -0.326226163605646
-0.14473418021177323   	 -0.32444694448896694
-0.14588181971795053   	 -0.32267348865695394
-0.14701950212574708   	 -0.32090574609104927
-0.14814731966263023   	 -0.3191436672368258
-0.14926536337308752   	 -0.31738720299802964
-0.1503737231359437   	 -0.3156363047307078
-0.1514724876813764   	 -0.313890924237423
-0.15256174460763555   	 -0.3121510137615517
-0.1536415803974734   	 -0.31041652598166647
-0.15471208043428938   	 -0.30868741400599836
-0.15577332901799668   	 -0.30696363136698024
-0.15682540938061507   	 -0.30524513201586834
-0.15786840370159594   	 -0.30353187031744133
-0.15890239312288404   	 -0.3018238010447751
-0.1599274577637216   	 -0.30012087937409226
-0.16094367673519963   	 -0.2984230608796853
-0.16195112815456106   	 -0.2967303015289119
-0.1629498891592606   	 -0.29504255767726023
-0.16394003592078601   	 -0.29335978606348545
-0.16492164365824558   	 -0.2916819438048135
-0.16589478665172538   	 -0.2900089883922128
-0.16685953825542174   	 -0.2883408776857319
-0.16781597091055275   	 -0.28667756990990284
-0.1687641561580525   	 -0.28501902364920745
-0.16970416465105292   	 -0.28336519784360786
-0.17063606616715696   	 -0.2817160517841379
-0.1715599296205063   	 -0.28007154510855564
-0.17247582307364903   	 -0.27843163779705604
-0.17338381374920897   	 -0.2767962901680422
-0.17428396804136234   	 -0.27516546287395455
-0.17517635152712363   	 -0.27353911689715665
-0.17606102897744563   	 -0.2719172135458776
-0.17693806436813567   	 -0.2702997144502087
-0.17780752089059296   	 -0.2686865815581549
-0.17866946096236905   	 -0.2670777771317392
-0.1795239462375549   	 -0.26547326374315944
-0.18037103761699866   	 -0.26387300427099647
-0.18121079525835584   	 -0.2622769618964733
-0.18204327858597602   	 -0.260685100099764
-0.18286854630062832   	 -0.2590973826563511
-0.18368665638906934   	 -0.2575137736334324
-0.1844976661334553   	 -0.2559342373863737
-0.18530163212060247   	 -0.2543587385552097
-0.1860986102510975   	 -0.2527872420611896
-0.18688865574826102   	 -0.2512197131033689
-0.18767182316696668   	 -0.2496561171552448
-0.18844816640231887   	 -0.24809641996143583
-0.1892177386981906   	 -0.24654058753440453
-0.18998059265562517   	 -0.24498858615122224
-0.19073678024110288   	 -0.24344038235037566
-0.1914863527946765   	 -0.24189594292861444
-0.19222936103797608   	 -0.2403552349378392
-0.19296585508208744   	 -0.23881822568202904
-0.1936958844353044   	 -0.23728488271420836
-0.19441949801075895   	 -0.23575517383345182
-0.19513674413392987   	 -0.23422906708192773
-0.19584767055003294   	 -0.2327065307419778
-0.19655232443129447   	 -0.2311875333332347
-0.19725075238410988   	 -0.2296720436097744
-0.19794300045608962   	 -0.22816003055730505
-0.1986291141429945   	 -0.2266514633903904
-0.19930913839556194   	 -0.22514631154970768
-0.1999831176262253   	 -0.2236445446993391
-0.20065109571572778   	 -0.22214613272409717
-0.2013131160196332   	 -0.22065104572688254
-0.20196922137473478   	 -0.21915925402607397
-0.2026194541053643   	 -0.21767072815295052
-0.2032638560296027   	 -0.21618543884914476
-0.20390246846539414   	 -0.2147033570641266
-0.20453533223656517   	 -0.2132244539527181
-0.2051624876787503   	 -0.2117487008726374
-0.2057839746452258   	 -0.21027606938207258
-0.2063998325126531   	 -0.20880653123728407
-0.20701010018673352   	 -0.20734005839023603
-0.20761481610777532   	 -0.20587662298625523
-0.20821401825617517   	 -0.20441619736171796
-0.20880774415781472   	 -0.20295875404176397
-0.20939603088937445   	 -0.2015042657380373
-0.20997891508356517   	 -0.20005270534645314
-0.21055643293427978   	 -0.19860404594499123
-0.21112862020166526   	 -0.19715826079151427
-0.21169551221711708   	 -0.1957153233216116
-0.21225714388819691   	 -0.19427520714646807
-0.21281354970347532   	 -0.1928378860507569
-0.21336476373729948   	 -0.19140333399055645
-0.21391081965448888   	 -0.1899715250912913
-0.2144517507149584   	 -0.18854243364569576
-0.21498758977827134   	 -0.18711603411180097
-0.21551836930812235   	 -0.18569230111094442
-0.2160441213767523   	 -0.18427120942580164
-0.21656487766929586   	 -0.18285273399843974
-0.21708066948806196   	 -0.18143684992839268
-0.21759152775675009   	 -0.1800235324707577
-0.21809748302460158   	 -0.1786127570343127
-0.21859856547048792   	 -0.17720449917965408
-0.2190948049069367   	 -0.1757987346173553
-0.21958623078409592   	 -0.17439543920614456
-0.22007287219363883   	 -0.17299458895110326
-0.22055475787260825   	 -0.17159616000188282
-0.22103191620720303   	 -0.17020012865094133
-0.22150437523650673   	 -0.16880647133179846
-0.22197216265615924   	 -0.16741516461730918
-0.22243530582197307   	 -0.16602618521795567
-0.22289383175349384   	 -0.16463950998015692
-0.22334776713750698   	 -0.16325511588459635
-0.2237971383314913   	 -0.16187298004456674
-0.22424197136701898   	 -0.16049307970433177
-0.22468229195310477   	 -0.15911539223750557
-0.22511812547950324   	 -0.15773989514544762
-0.2255494970199563   	 -0.15636656605567473
-0.22597643133539105   	 -0.15499538272028932
-0.22639895287706824   	 -0.15362632301442275
-0.22681708578968335   	 -0.15225936493469508
-0.2272308539144196   	 -0.1508944865976898
-0.22764028079195464   	 -0.1495316662384438
-0.22804538966542082   	 -0.14817088220895228
-0.22844620348332012   	 -0.14681211297668828
-0.22884274490239462   	 -0.14545533712313682
-0.22923503629045225   	 -0.14410053334234307
-0.22962309972914957   	 -0.1427476804394748
-0.23000695701673124   	 -0.1413967573293983
-0.23038662967072746   	 -0.14004774303526824
-0.23076213893060965   	 -0.13870061668713068
-0.2311335057604048   	 -0.13735535752053935
-0.2315007508512697   	 -0.1360119448751849
-0.2318638946240245   	 -0.13467035819353673
-0.2322229572316477   	 -0.13333057701949796
-0.23257795856173144   	 -0.13199258099707195
-0.2329289182388986   	 -0.13065634986904157
-0.23327585562718267   	 -0.12932186347566046
-0.23361878983236917   	 -0.1279891017533558
-0.23395773970430117   	 -0.1266580447334428
-0.23429272383914812   	 -0.12532867254085092
-0.2346237605816385   	 -0.12400096539286087
-0.2349508680272575   	 -0.12267490359785295
-0.23527406402440953   	 -0.1213504675540663
-0.23559336617654636   	 -0.12002763774836883
-0.2359087918442611   	 -0.11870639475503775
-0.23622035814734882   	 -0.11738671923455032
-0.2365280819668335   	 -0.11606859193238507
-0.23683197994696262   	 -0.11475199367783277
-0.23713206849716964   	 -0.11343690538281774
-0.23742836379400395   	 -0.11212330804072834
-0.2377208817830296   	 -0.1108111827252575
-0.23800963818069304   	 -0.10950051058925234
-0.23829464847615983   	 -0.10819127286357329
-0.23857592793312113   	 -0.1068834508559622
-0.2388534915915701   	 -0.10557702594991933
-0.23912735426954868   	 -0.10427197960358935
-0.23939753056486518   	 -0.10296829334865584
-0.23966403485678275   	 -0.10166594878924438
-0.23992688130767936   	 -0.10036492760083392
-0.24018608386467954   	 -0.09906521152917655
-0.2404416562612579   	 -0.09776678238922512
-0.24069361201881567   	 -0.0964696220640691
-0.24094196444822918   	 -0.09517371250387797
-0.24118672665137186   	 -0.09387903572485248
-0.24142791152260945   	 -0.0925855738081833
-0.24166553175026861   	 -0.0912933088990173
-0.24189959981807982   	 -0.09000222320543086
-0.24213012800659403   	 -0.08871229899741047
-0.24235712839457432   	 -0.08742351860584038
-0.2425806128603615   	 -0.08613586442149695
-0.2428005930832158   	 -0.08484931889405009
-0.2430170805446328   	 -0.08356386453107095
-0.24323008652963563   	 -0.08227948389704655
-0.24343962212804252   	 -0.0809961596124004
-0.2436456982357107   	 -0.0797138743525198
-0.2438483255557562   	 -0.0784326108467888
-0.2440475145997507   	 -0.07715235187762784
-0.24424327568889465   	 -0.07587308027953873
-0.24443561895516766   	 -0.07459477893815578
-0.24462455434245584   	 -0.0733174307893025
-0.2448100916076568   	 -0.07204101881805386
-0.24499224032176223   	 -0.07076552605780416
-0.2451710098709182   	 -0.06949093558934012
-0.24534640945746355   	 -0.06821723053991917
-0.24551844810094664   	 -0.06694439408235307
-0.2456871346391204   	 -0.06567240943409648
-0.24585247772891614   	 -0.0644012598563403
-0.2460144858473959   	 -0.06313092865311005
-0.2461731672926843   	 -0.061861399170368835
-0.24632853018487882   	 -0.06059265479512491
-0.24648058246694027   	 -0.05932467895454385
-0.2466293319055622   	 -0.058057455115064986
-0.24677478609202005   	 -0.05679096678152224
-0.24691695244300033   	 -0.055525197496269045
-0.24705583820140975   	 -0.05426013083830756
-0.24719145043716442   	 -0.05299575042242163
-0.24732379604795926   	 -0.05173203989831379
-0.24745288176001823   	 -0.05046898294974614
-0.24757871412882462   	 -0.04920656329368467
-0.2477012995398324   	 -0.04794476467944745
-0.2478206442091585   	 -0.04668357088785622
-0.24793675418425568   	 -0.045422965730391326
-0.24804963534456692   	 -0.044162933048350096
-0.24815929340216084   	 -0.042903456712008396
-0.24826573390234827   	 -0.041644520619785255
-0.24836896222428095   	 -0.040386108697410654
-0.24846898358153086   	 -0.0391282048970961
-0.2485658030226522   	 -0.03787079319670822
-0.24865942543172415   	 -0.03661385759894497
-0.2487498555288768   	 -0.03535738213051467
-0.24883709787079736   	 -0.03410135084131741
-0.24892115685122043   	 -0.03284574780362917
-0.24900203670139845   	 -0.031590557111288206
-0.2490797414905561   	 -0.030335762878883756
-0.2491542751263261   	 -0.02908134924094707
-0.24922564135516723   	 -0.027827300351144404
-0.24929384376276584   	 -0.026573600381472245
-0.24935888577441903   	 -0.025320233521454374
-0.2494207706554008   	 -0.02406718397734085
-0.24947950151131104   	 -0.022814435971308777
-0.24953508128840687   	 -0.021561973740664767
-0.24958751277391733   	 -0.020309781537049022
-0.24963679859634058   	 -0.01905784362564093
-0.24968294122572435   	 -0.017806144284366148
-0.24972594297392883   	 -0.01655466780310498
-0.2497658059948735   	 -0.015303398482902096
-0.24980253228476615   	 -0.014052320635177381
-0.24983612368231561   	 -0.012801418580937926
-0.24986658186892735   	 -0.011550676649991038
-0.24989390836888248   	 -0.010300079180158161
-0.24991810454949984   	 -0.009049610516489679
-0.2499391716212815   	 -0.007799255010480471
-0.24995711063804138   	 -0.006548997019286156
-0.24997192249701736   	 -0.005298820904939938
-0.24998360793896662   	 -0.004048711033569973
-0.2499921675482444   	 -0.002798651774617171
-0.2499976017528661   	 -0.0015486275000533407
-0.24999991082455256   	 -0.00029862258359962074
-0.2499990948787594   	 0.0009513786000549195
-0.2499951538746887   	 0.0022013916760345673
-0.2499880876152852   	 0.0034514322700582387
-0.24997789574721507   	 0.004701516009220809
-0.2499645777608283   	 0.0059516585227745965
-0.24994813299010477   	 0.007201875442911063
-0.24992856061258348   	 0.00845218240554285
-0.24990585964927464   	 0.009702595051086171
-0.24988002896455636   	 0.010953129025243742
-0.24985106726605333   	 0.0122037999797882
-0.24981897310449955   	 0.013454623573346232
-0.24978374487358426   	 0.014705615472183403
-0.24974538080978098   	 0.01595679135098979
-0.2497038789921597   	 0.017208166893666537
-0.24965923734218268   	 0.01845975779411336
-0.24961145362348275   	 0.019711579757017133
-0.2495605254416254   	 0.020963648498641664
-0.24950645024385337   	 0.022215979747618592
-0.24944922531881475   	 0.023468589245739746
-0.24938884779627346   	 0.02472149274875078
-0.2493253146468033   	 0.02597470602714637
-0.24925862268146448   	 0.027228244866966983
-0.24918876855146282   	 0.02848212507059726
-0.24911574874779224   	 0.029736362457566216
-0.24903955960085922   	 0.030990972865349173
-0.24896019728009036   	 0.03224597215017172
-0.2488776577935225   	 0.03350137618781562
-0.24879193698737476   	 0.03475720087442678
-0.24870303054560372   	 0.036013462127325535
-0.24861093398944012   	 0.037270175885819004
-0.24851564267690845   	 0.03852735811201598
-0.24841715180232826   	 0.039785024791644204
-0.2483154563957974   	 0.04104319193487014
-0.24821055132265776   	 0.0423018755771214
-0.2481024312829421   	 0.04356109177991198
-0.24799109081080326   	 0.044820856631670104
-0.2478765242739247   	 0.04608118624856923
-0.2477587258729123   	 0.047342096775361775
-0.2476376896406682   	 0.04860360438621614
-0.24751340944174535   	 0.049865725285556835
-0.2473858789716836   	 0.05112847570890783
-0.2472550917563265   	 0.05239187192373936
-0.24712104115111921   	 0.05365593023031813
-0.24698372034038743   	 0.054920666962561156
-0.24684312233659642   	 0.05618609848889311
-0.24669923997959095   	 0.057452241213107595
-0.2465520659358154   	 0.05871911157523214
-0.24640159269751463   	 0.05998672605239725
-0.24624781258191378   	 0.0612551011597094
-0.24609071773037905   	 0.06252425345112819
-0.24593030010755804   	 0.06379419952034787
-0.24576655150049906   	 0.06506495600168309
-0.24559946351775058   	 0.06633653957095907
-0.2454290275884397   	 0.06760896694640652
-0.24525523496132956   	 0.06888225488956093
-0.2450780767038557   	 0.07015642020616703
-0.24489754370114142   	 0.07143147974708759
-0.24471362665499113   	 0.07270745040921776
-0.24452631608286265   	 0.07398434913640402
-0.2443356023168172   	 0.07526219292036863
-0.2441414755024475   	 0.07654099880163931
-0.24394392559778338   	 0.07782078387048418
-0.24374294237217564   	 0.07910156526785249
-0.24353851540515617   	 0.08038336018632082
-0.24333063408527592   	 0.08166618587104502
-0.2431192876089193   	 0.08295005962071811
-0.24290446497909568   	 0.08423499878853415
-0.24268615500420665   	 0.08552102078315807
-0.24246434629679015   	 0.086808143069702
-0.24223902727223984   	 0.0880963831707077
-0.24201018614750064   	 0.0893857586671355
-0.24177781093973919   	 0.09067628719935988
-0.24154188946499014   	 0.09196798646817184
-0.24130240933677657   	 0.09326087423578776
-0.24105935796470543   	 0.09455496832686576
-0.24081272255303723   	 0.09585028662952856
-0.2405624900992298   	 0.09714684709639403
-0.24030864739245586   	 0.09844466774561288
-0.2400511810120937   	 0.09974376666191372
-0.23979007732619143   	 0.10104416199765602
-0.23952532248990402   	 0.10234587197389056
-0.23925690244390252   	 0.10364891488142783
-0.2389848029127561   	 0.10495330908191466
-0.23870900940328527   	 0.10625907300891861
-0.23842950720288744   	 0.10756622516902106
-0.23814628137783295   	 0.10887478414291847
-0.2378593167715323   	 0.11018476858653234
-0.2375685980027744   	 0.11149619723212799
-0.23727410946393396   	 0.11280908888944206
-0.23697583531914948   	 0.11412346244681912
-0.23667375950247038   	 0.11543933687235752
-0.23636786571597318   	 0.11675673121506443
-0.2360581374278465   	 0.11807566460602074
-0.23574455787044393   	 0.11939615625955491
-0.23542711003830527   	 0.12071822547442751
-0.2351057766861448   	 0.12204189163502512
-0.23478054032680676   	 0.12336717421256448
-0.2344513832291876   	 0.12469409276630719
-0.23411828741612387   	 0.12602266694478453
-0.23378123466224668   	 0.1273529164870334
-0.23344020649180044   	 0.12868486122384235
-0.2330951841764272   	 0.13001852107900944
-0.23274614873291496   	 0.1313539160706107
-0.2323930809209101   	 0.13269106631228003
-0.2320359612405928   	 0.1340299920145009
-0.2316747699303158   	 0.13537071348590934
-0.23130948696420528   	 0.13671325113460933
-0.23094009204972335   	 0.13805762546949962
-0.23056656462519284   	 0.1394038571016137
-0.2301888838572817   	 0.14075196674547144
-0.2298070286384484   	 0.14210197522044374
-0.22942097758434693   	 0.14345390345213024
-0.22903070903119072   	 0.14480777247374968
-0.2286362010330756   	 0.14616360342754406
-0.22823743135926014   	 0.1475214175661958
-0.2278343774914036   	 0.14888123625425875
-0.22742701662076123   	 0.15024308096960348
-0.2270153256453346   	 0.15160697330487602
-0.22659928116697875   	 0.15297293496897169
-0.22617885948846297   	 0.154340987788523
-0.2257540366104868   	 0.15571115370940256
-0.22532478822864907   	 0.15708345479824085
-0.22489108973036984   	 0.15845791324395953
-0.22445291619176483   	 0.1598345513593202
-0.22401024237447117   	 0.1612133915824887
-0.22356304272242356   	 0.16259445647861556
-0.22311129135858115   	 0.16397776874143274
-0.22265496208160318   	 0.1653633511948668
-0.222194028362473   	 0.1667512267946686
-0.22172846334107071   	 0.16814141863006057
-0.22125823982269172   	 0.16953394992540075
-0.22078333027451202   	 0.1709288440418644
-0.22030370682199868   	 0.17232612447914367
-0.21981934124526487   	 0.17372581487716535
-0.21933020497536837   	 0.1751279390178267
-0.21883626909055306   	 0.17653252082675008
-0.2183375043124321   	 0.17793958437505664
-0.2178338810021123   	 0.17934915388115916
-0.21732536915625836   	 0.1807612537125743
-0.2168119384030964   	 0.18217590838775474
-0.21629355799835556   	 0.18359314257794165
-0.21577019682114693   	 0.18501298110903747
-0.2152418233697785   	 0.1864354489634991
-0.21470840575750558   	 0.18786057128225292
-0.2141699117082151   	 0.18928837336663057
-0.21362630855204326   	 0.19071888068032675
-0.21307756322092541   	 0.19215211885137934
-0.2125236422440762   	 0.19358811367417111
-0.21196451174340053   	 0.19502689111145538
-0.21140013742883249   	 0.1964684772964038
-0.21083048459360224   	 0.19791289853467808
-0.21025551810942922   	 0.19936018130652564
-0.20967520242164062   	 0.20081035226889915
-0.2090895015442136   	 0.20226343825760107
-0.20849837905474064   	 0.2037194662894526
-0.20790179808931575   	 0.20517846356448874
-0.2072997213373419   	 0.20664045746817858
-0.20669211103625587   	 0.2081054755736718
-0.20607892896617208   	 0.209573545644072
-0.2054601364444413   	 0.2110446956347368
-0.20483569432012505   	 0.2125189536956055
-0.20420556296838277   	 0.21399634817355462
-0.20356970228477103   	 0.2154769076147812
-0.20292807167945306   	 0.2169606607672158
-0.20228063007131739   	 0.21844763658296373
-0.20162733588200324   	 0.21993786422077663
-0.20096814702983232   	 0.22143137304855348
-0.20030302092364452   	 0.222928192645873
-0.1996319144565359   	 0.2244283528065563
-0.19895478399949784   	 0.22593188354126154
-0.19827158539495524   	 0.22743881508011077
-0.1975822739502019   	 0.22894917787534888
-0.19688680443073206   	 0.23046300260403613
-0.1961851310534653   	 0.2319803201707737
-0.1954772074798637   	 0.2335011617104641
-0.1947629868089388   	 0.23502555859110566
-0.1940424215701472   	 0.23655354241662244
-0.19331546371617225   	 0.2380851450297303
-0.19258206461558983   	 0.23962039851483888
-0.1918421750454163   	 0.24115933520099045
-0.19109574518353722   	 0.24270198766483717
-0.19034272460101315   	 0.24424838873365537
-0.18958306225426216   	 0.24579857148839948
-0.18881670647711538   	 0.24735256926679505
-0.18804360497274433   	 0.24891041566647157
-0.1872637048054574   	 0.2504721445481365
-0.18647695239236267   	 0.25203779003879023
-0.1856832934948956   	 0.2536073865349833
-0.1848826732102083   	 0.255180968706116
-0.18407503596241848   	 0.2567585714977818
-0.1832603254937152   	 0.25834023013515484
-0.18243848485531894   	 0.25992598012642193
-0.18160945639829312   	 0.26151585726626
-0.18077318176420504   	 0.2631098976393608
-0.17992960187563264   	 0.2647081376240017
-0.17907865692651437   	 0.2663106138956644
-0.17822028637234041   	 0.2679173634307033
-0.17735442892018058   	 0.2695284235100621
-0.1764810225185471   	 0.2711438317230413
-0.17560000434708892   	 0.2727636259711164
-0.17471131080611438   	 0.274387844471809
-0.17381487750593874   	 0.2760165257626093
-0.17291063925605418   	 0.2776497087049539
-0.17199853005411758   	 0.2792874324882565
-0.171078483074754   	 0.2809297366339954
-0.17015043065817176   	 0.28257666099985723
-0.16921430429858553   	 0.2842282457839376
-0.16827003463244386   	 0.28588453152900056
-0.1673175514264576   	 0.28754555912679725
-0.16635678356542513   	 0.2892113698224446
-0.16538765903985117   	 0.2908820052188667
-0.16441010493335415   	 0.29255750728129654
-0.16342404740985897   	 0.294237918341843
-0.162429411700571   	 0.29592328110412164
-0.16142612209072657   	 0.2976136386479515
-0.16041410190611588   	 0.2993090344341182
-0.15939327349937418   	 0.3010095123092056
-0.1583635582360366   	 0.3027151165104964
-0.15732487648035148   	 0.3044258916709427
-0.1562771475808485   	 0.3061418828242086
-0.15522028985565606   	 0.3078631354097855
-0.1541542205775629   	 0.30958969527818125
-0.15307885595881981   	 0.31132160869618447
-0.15199411113567526   	 0.3130589223522063
-0.15089990015264046   	 0.3148016833616993
-0.14979613594647787   	 0.31654993927265596
-0.1486827303299083   	 0.31830373807118834
-0.14755959397503063   	 0.3200631281871897
-0.1464266363964481   	 0.32182815850007895
-0.1452837659340962   	 0.32359887834463186
-0.14413088973576516   	 0.32537533751689723
-0.1429679137393117   	 0.3271575862802027
-0.14179474265455308   	 0.32894567537124875
-0.1406112799448376   	 0.3307396560062951
-0.13941742780828473   	 0.3325395798874403
-0.13821308715868805   	 0.3343454992089948
-0.13699815760607434   	 0.33615746666395147
-0.1357725374369116   	 0.3379755354505536
-0.13453612359395892   	 0.33979975927896283
-0.13328881165575085   	 0.34163019237802905
-0.1320304958157086   	 0.3434668895021635
-0.13076106886087052   	 0.3453099059383173
-0.12948042215023373   	 0.3471592975130671
-0.12818844559269926   	 0.34901512059981116
-0.12688502762461193   	 0.35087743212607464
-0.12557005518688666   	 0.35274628958092996
-0.12424341370171306   	 0.35462175102253235
-0.12290498704882832   	 0.35650387508577197
-0.12155465754135061   	 0.3583927209900466
-0.12019230590116273   	 0.3602883485471564
-0.11881781123383696   	 0.36219081816932225
-0.11743105100309113   	 0.364100190877331
-0.11603190100476626   	 0.3660165283088097
-0.11462023534031515   	 0.3679398927266312
-0.11319592638979165   	 0.3698703470274528
-0.11175884478432996   	 0.37180795475039274
-0.11030885937810293   	 0.3737527800858437
-0.10884583721974798   	 0.37570488788442985
-0.10736964352324925   	 0.3776643436661062
-0.10588014163826417   	 0.3796312136294062
-0.10437719301988235   	 0.3816055646608388
-0.10286065719780448   	 0.3835874643444381
-0.10133039174492804   	 0.3855769809714682
-0.09978625224532797   	 0.38757418355028755
-0.0982280922616174   	 0.3895791418163742
-0.09665576330167615   	 0.39159192624251565
-0.09506911478473225   	 0.39361260804916776
-0.09346799400678232   	 0.39564125921498333
-0.0918522461053361   	 0.3976779524875171
-0.09022171402347005   	 0.3997227613941067
-0.08857623847317449   	 0.40177576025293693
-0.0869156578979786   	 0.40383702418428824
-0.08523980843483674   	 0.40590662912197334
-0.08354852387525964   	 0.407984651824968
-0.08184163562567336   	 0.410071169889236
-0.08011897266698834   	 0.412166261759756
-0.07838036151336059   	 0.4142700067427515
-0.07662562617012687   	 0.41638248501812986
-0.0748545880908943   	 0.41850377765213265
-0.07306706613376582   	 0.420633966610204
-0.07126287651668065   	 0.42277313477007894
-0.06944183277185037   	 0.4249213659350982
-0.06760374569926858   	 0.42707874484775227
-0.06574842331927346   	 0.42924535720346074
-0.06387567082414071   	 0.4314212896645914
-0.06198529052868436   	 0.4336066298747238
-0.06007708181984209   	 0.4358014664731613
-0.05815084110522141   	 0.4380058891096998
-0.056206361760581865   	 0.44021998845965427
-0.05424343407622838   	 0.4424438562391523
-0.052261845202289776   	 0.44467758522069695
-0.050261379092855975   	 0.4469212692490077
-0.04824181644894662   	 0.44917500325714177
-0.04620293466028325   	 0.45143888328290543
-0.04414450774583608   	 0.45371300648555785
-0.04206630629311613   	 0.4559974711628167
-0.03996809739618225   	 0.4582923767681694
-0.037849644592331914   	 0.4605978239284985
-0.035710707797443876   	 0.4629139144620263
-0.03355104323993971   	 0.4652407513965864
-0.03137040339333057   	 0.46757843898822954
-0.029168536907314378   	 0.4699270827401689
-0.026945188537387883   	 0.47228678942207575
-0.024700099072936823   	 0.4746576670897282
-0.02243300526376662   	 0.47703982510502546
-0.020143639745034816   	 0.47943337415637344
-0.017831730960545425   	 0.4818384262794475
-0.015497003084364368   	 0.48425509487834584
-0.013139175940713775   	 0.4866834947471366
-0.010757964922102   	 0.4891237420918126
-0.008353080905644713   	 0.4915759545526564
-0.005924230167531422   	 0.49404025122703166
-0.0034711142955902736   	 0.4965167526926052
-0.000993430099902694   	 0.4990055810310114
0.0015091304785819055   	 0.5015068598519685
0.004036880461482655   	 0.5040207143178568
0.006590137928527716   	 0.5065472711687703
0.009169226115253006   	 0.5090866587480495
0.011774473512915025   	 0.51163900702831
0.014406213970675236   	 0.5142044476379752
0.01706478680011524   	 0.5167831138883267
0.01975053688214356   	 0.5193751408010818
0.022463814776356842   	 0.5219806651365133
0.025204976832919987   	 0.5245998254221211
0.02797438530703164   	 0.5272327619818704
0.030772408476043685   	 0.5298796169660083
0.033599420759305   	 0.5325405343814732
0.0364558028408023   	 0.53521566012291
0.039341941794672854   	 0.5379051420043063
0.042258231213665974   	 0.5406091297912624
0.045205071340632924   	 0.5433277752339124
0.04818286920312694   	 0.5460612321005098
0.05119203875119761   	 0.5488096562116939
0.05423300099846667   	 0.5515732054754533
0.057306184166574646   	 0.5543520399228046
0.0604120238330908   	 0.5571463217441992
0.06355096308298137   	 0.5599562153266819
0.0667234526637344   	 0.5627818872918126
0.06992995114424239   	 0.5656235065343752
0.07317092507754672   	 0.5684812442618901
0.07644684916755214   	 0.5713552740349493
0.07975820643982182   	 0.5742457718083972
0.08310548841656737   	 0.577152915973373
0.08648919529595266   	 0.5800768874002417
0.08990983613583248   	 0.5830178694824306
0.0933679290420526   	 0.5859760481811971
0.09686400136144027   	 0.5889516120713485
0.10039858987962007   	 0.5919447523879403
0.1039722410237923   	 0.5949556630739743
0.10758551107061781   	 0.5979845408291237
0.11123896635935605   	 0.6010315851595123
0.11493318351040849   	 0.6040969984285707
0.11866874964942505   	 0.6071809859089998
0.12244626263713555   	 0.6102837558358698
0.12626633130507434   	 0.613405519460882
0.13012957569737052   	 0.6165464911078243
0.13403662731878407   	 0.6197068882292531
0.1379881293891715   	 0.6228869314644283
0.14198473710457324   	 0.6260868446985396
0.1460271179051199   	 0.6293068551232538
0.15011595174996176   	 0.63254719329862
0.15425193139943252   	 0.635808093216367
0.158435762704666   	 0.63908979236463
0.16266816490489103   	 0.6423925317941445
0.16694987093263872   	 0.6457165561859466
0.1712816277271031   	 0.6490621139206193
0.17566419655590468   	 0.6524294571491271
0.18009835334551685   	 0.6558188418652797
0.18458488902062087   	 0.659230527979872
0.1891246098526672   	 0.6626647793965417
0.19371833781792966   	 0.6661218640893944
0.1983669109653485   	 0.6696020541824439
0.2030711837944702   	 0.6731056260309152
0.207832027643801   	 0.6766328603044645
0.21265033108990392   	 0.6801840420723673
0.2175270003575802   	 0.6837594608907289
0.22246295974148855   	 0.6873594108917754
0.22745915203956718   	 0.6909841908752814
0.23251653899863883   	 0.6946341044021944
0.23763610177259173   	 0.6983094598905214
0.24281884139354187   	 0.7020105707135342
0.24806577925640158   	 0.7057377553003676
0.25337795761728943   	 0.709491337239074
0.25875644010623633   	 0.7132716453822039
0.2642023122546587   	 0.7170790139549886
0.2697166820380854   	 0.7209137826661974
0.2753006804346466   	 0.724776296821748
0.28095546199984783   	 0.7286669074411489
0.28668220545817524   	 0.7325859713768584
0.29248211431209814   	 0.7365338514366453
0.2983564174690543   	 0.7405109165090372
0.30430636988702925   	 0.7445175416919532
0.31033325323936156   	 0.7485541084246092
0.31643837659943014   	 0.7526210046227982
0.3226230771459088   	 0.7567186248176456
0.32888872088929394   	 0.7608473702979422
0.3352367034204441   	 0.7650076492561654
0.34166845068189594   	 0.7691998769383002
0.34818541976275214   	 0.7734244757975739
0.35478909971796857   	 0.7776818756522287
0.36148101241289876   	 0.781972513847449
0.368262713393992   	 0.7862968354215806
0.37513579278657344   	 0.7906552932767689
0.3821018762206722   	 0.7950483483541565
0.3891626257859048   	 0.7994764698137805
0.39631974101646017   	 0.803940135219321
0.4035749599072758   	 0.8084398307278505
0.41093005996253834   	 0.8129760512847461
0.4183868592776894   	 0.8175493008239254
0.425947217656167   	 0.8221600924735808
0.4336130377621603   	 0.8268089487675857
0.44138626631071304   	 0.831496401862758
0.4492688952965648   	 0.8362229937621691
0.45726296326317695   	 0.8409892765446995
0.46537055661345306   	 0.8457958126010396
0.47359381096372605   	 0.8506431748763555
0.48193491254265214   	 0.8555319471198326
0.4903960996367226   	 0.8604627241413323
0.49897966408417543   	 0.865436112075395
0.50768795281917   	 0.8704527286528374
0.5165233694681657   	 0.8755132034802021
0.5254883760005311   	 0.880618178327322
0.5345854944354982   	 0.8857683074232776
0.5438173086076752   	 0.8909642577610367
0.553186465993418   	 0.89620670941107
0.5626956796004761   	 0.9014963558442575
0.5723477299234268   	 0.9068339042644066
0.5821454669675297   	 0.9122200759507157
0.5920918123437526   	 0.917655606610537
0.6021897614378391   	 0.9231412467427935
0.612442385656429   	 0.9286777620124372
0.6228528347533735   	 0.9342659336363354
0.6334243392395318   	 0.9399065587809949
0.6441602128794934   	 0.9456004509725519
0.6550638552788297   	 0.9513484405194711
0.6661387545656396   	 0.9571513749484142
0.6773884901703429   	 0.9630101194537589
0.6888167357078556   	 0.9689255573612741
0.7004272619664793   	 0.9748985906064688
0.7122239400080408   	 0.9809301402281616
0.7242107443840451   	 0.9870211468778393
0.7363917564728273   	 0.9931725713453968
0.7487711679429339   	 0.9993853951018765
0.7613532843482209   	 1.0056606208598509
0.774142528860422   	 1.0119992731521215
0.7871434461452322   	 1.018402398929437
0.8003607063882447   	 1.0248710681779658
0.8137991094773993   	 1.0314063745572835
0.8274635893489348   	 1.0380094360596799
0.8413592185041934   	 1.044681395691621
0.8554912127049918   	 1.0514234221782355
0.8698649358556798   	 1.058236710691743
0.8844859050804101   	 1.0651224836047777
0.8993597960045974   	 1.0720819912696031
0.9144924482500023   	 1.0791165128242652
0.929889871153373   	 1.086227357026775
0.9455582497191026   	 1.0934158631184674
0.9615039508169037   	 1.1006834017177254
0.9777335296361056   	 1.1080313757453377
0.9942537364087762   	 1.1154612213827857
1.0110715234145533   	 1.122974409064852
1.0281940522807507   	 1.1305724445079803
1.045628701592051   	 1.138256869775909
1.0633830748248803   	 1.1460292643841519
1.0814650086223985   	 1.153891246445001
1.0998825814269126   	 1.1618444738547895
1.1186441224874712   	 1.1698906455252438
1.1377582212613908   	 1.1780315026608545
1.1572337372295256   	 1.1862688300842796
1.1770798101462243   	 1.1946044576119008
1.1973058707461093   	 1.2030402614817632
