Tabla de coordenadas (x,y) para trayectoria parabolica:
	 x [UA] 				 y [UA]
0.4828427124746189   	 -0.48284271247461896
0.4746782987367086   	 -0.4794489748603948
0.4666677248478808   	 -0.4760956730943396
0.45880716133497085   	 -0.4727820476012053
0.45109289723040863   	 -0.46950735765498225
0.4435213356989263   	 -0.46627088079738643
0.4360889898514018   	 -0.46307191227773764
0.4287924787367488   	 -0.4599097645133223
0.42162852350324836   	 -0.45678376656936853
0.4145939437211848   	 -0.4536932636578087
0.4076856538590849   	 -0.4506376166540405
0.4009006599062747   	 -0.4476162016309395
0.3942360561348475   	 -0.4446284094094067
0.3876890219945072   	 -0.44167364512477186
0.38125681913409043   	 -0.43875132780840237
0.37493678854389795   	 -0.4358608899839021
0.3687263478132646   	 -0.43300177727730615
0.3626229884980879   	 -0.43017344804071206
0.3566242735933071   	 -0.4273753729888081
0.3507278351055762   	 -0.4246070348477878
0.34493137172161753   	 -0.4218679280161589
0.3392326465679703   	 -0.419157558236981
0.3336294850580627   	 -0.41647544228108474
0.32811977282273735   	 -0.4138211076408439
0.3227014537205574   	 -0.4111940922340969
0.3173725279243926   	 -0.408593944117821
0.3121310500809646   	 -0.4060202212111927
0.3069751275401897   	 -0.40347249102767324
0.301902918651307   	 -0.40095033041577954
0.29691263112293254   	 -0.3984533253082135
0.29200252044431035   	 -0.39598107047903713
0.28717088836516447   	 -0.3935331693085931
0.2824160814316816   	 -0.3911092335558861
0.2777364895762649   	 -0.38870888313814744
0.2731305447588157   	 -0.38633174591732206
0.26859671965740234   	 -0.38397745749322443
0.26413352640627447   	 -0.38164566100312186
0.259739515379277   	 -0.3793360069275138
0.25541327401680697   	 -0.3770481529018844
0.25115342569453947   	 -0.3747817635342144
0.24695862863223417   	 -0.37253651022804957
0.24282757484100576   	 -0.37031207101092767
0.23875898910751736   	 -0.3681081303679762
0.23475162801362398   	 -0.3659243790805002
0.2308042789900594   	 -0.36376051406938575
0.22691575940282194   	 -0.36161623824315303
0.22308491567097466   	 -0.3594912603504985
0.21931062241463023   	 -0.35738529483717163
0.21559178163194798   	 -0.3552980617070394
0.21192732190401753   	 -0.35322928638719503
0.2083161976265554   	 -0.3511786995969747
0.2047573882673866   	 -0.3491460372207519
0.20124989764872586   	 -0.34713104018438107
0.19779275325331663   	 -0.3451334543351697
0.19438500555352697   	 -0.34315303032526284
0.19102572736253684   	 -0.341189523498326
0.1877140132067899   	 -0.339242693779418
0.18444897871891774   	 -0.3373123055679515
0.18122976005037575   	 -0.3353981276336383
0.17805551330306313   	 -0.3334999330153235
0.17492541397922917   	 -0.3316174989226167
0.171838656448996   	 -0.32975060664022804
0.16879445343485674   	 -0.3278990414349251
0.16579203551253208   	 -0.3260625924650248
0.1628306506275969   	 -0.32424105269234305
0.15990956362730774   	 -0.3224342187965215
0.15702805580708856   	 -0.3206418910916592
0.15418542447115277   	 -0.3188638734451758
0.15138098250675924   	 -0.31709997319883787
0.14861405797162194   	 -0.31535000109188016
0.14588399369400992   	 -0.3136137711861582
0.14319014688509477   	 -0.31189110079327037
0.14053188876311687   	 -0.310181810403587
0.13790860418896242   	 -0.308485723617131
0.13531969131275579   	 -0.3068026670762533
0.13276456123108848   	 -0.30513247040004676
0.13024263765452088   	 -0.3034749661204501
0.12775335658500603   	 -0.3018299896199886
0.12529616600289875   	 -0.300197379071103
0.12287052556322564   	 -0.2985769753770211
0.12047590630090464   	 -0.29696862211412484
0.11811179034461348   	 -0.2953721654757696
0.11577767063901888   	 -0.29378745421751346
0.1134730506750877   	 -0.29221433960371473
0.11119744422821318   	 -0.29065267535545797
0.10895037510389827   	 -0.2891023175997718
0.10673137689074715   	 -0.28756312482009727
0.10453999272052748   	 -0.2860349578079767
0.10237577503507123   	 -0.2845176796159221
0.10023828535979377   	 -0.2830111555114348
0.09812709408361626   	 -0.2815152529321395
0.09604178024508596   	 -0.2800298414420049
0.0939819313244954   	 -0.2785547926886166
0.09194714304180919   	 -0.2770899803614769
0.08993701916021354   	 -0.2756352801512996
0.08795117129511054   	 -0.2741905697102733
0.08598921872838554   	 -0.27275572861326713
0.08405078822778154   	 -0.271330638319952
0.08213551387122127   	 -0.2699151821378125
0.0802430368759224   	 -0.26850924518602515
0.07837300543215672   	 -0.26711271436017925
0.07652507454151042   	 -0.26572547829781806
0.07469890585950609   	 -0.2643474273447775
0.07289416754245256   	 -0.26297845352230104
0.07111053409839359   	 -0.26161845049490956
0.06934768624203058   	 -0.2602673135390079
0.06760531075349825   	 -0.2589249395122055
0.06588310034087702   	 -0.257591226823335
0.06418075350632985   	 -0.256266075403148
0.06249797441575419   	 -0.25494938667567274
0.06083447277184444   	 -0.2536410635302135
0.05918996369046308   	 -0.25234101029397743
0.057564167580222314   	 -0.25104913270531115
0.05595681002518144   	 -0.2497653378875311
0.05436762167056802   	 -0.24848953432333365
0.05279633811143416   	 -0.2472216318297686
0.051242699784162134   	 -0.24596154153376265
0.049706451860736245   	 -0.244709175848178
0.048187344145700695   	 -0.24346444844839316
0.046685130975725735   	 -0.24222727424939228
0.04519957112170694   	 -0.24099756938335037
0.043730427693324865   	 -0.2397752511777017
0.04227746804599476   	 -0.2385602381336796
0.040840463690137975   	 -0.23735244990531526
0.03941919020270946   	 -0.2361518072788853
0.038013427140917086   	 -0.2349582321527953
0.036622957958071294   	 -0.23377164751788984
0.035247569921505024   	 -0.23259197743817825
0.03388705403250593   	 -0.2314191470319653
0.03254120494820474   	 -0.23025308245337758
0.031209820905365438   	 -0.2290937108742756
0.02989270364602436   	 -0.2279409604665422
0.02858965834492727   	 -0.22679476038473842
0.02730049353871496   	 -0.22565504074911774
0.02602502105680915   	 -0.22452173262898997
0.02476305595395259   	 -0.2233947680264268
0.02351441644435793   	 -0.22227407986030037
0.022278923837421874   	 -0.22115960195064727
0.021056402474962224   	 -0.22005126900335042
0.019846679669936695   	 -0.2189490165951304
0.018649585646603687   	 -0.2178527811588401
0.01746495348208643   	 -0.21676249996905503
0.016292619049302966   	 -0.21567811112795193
0.015132420961225645   	 -0.21459955355147006
0.013984200516434888   	 -0.21352676695574715
0.012847801645932988   	 -0.2124596918438253
0.011723070861184725   	 -0.2113982694926188
0.010609857203352622   	 -0.21034244194013973
0.009508012193695542   	 -0.20929215197297346
0.008417389785100272   	 -0.20824734311400014
0.007337846314716644   	 -0.20720795961035535
0.0062692404576675815   	 -0.20617394642162487
0.00521143318180629   	 -0.20514524920826835
0.004164287703493644   	 -0.20412181432026677
0.00312766944436956   	 -0.2031035887859883
0.0021014459890929217   	 -0.2020905203012679
0.0010854870440253769   	 -0.20108255721869603
7.966439683497053e-05   	 -0.20007964853711133
-0.0009161481230036688   	 -0.19908174389129338
-0.0019020746828352579   	 -0.19808879354185055
-0.0028782374845979057   	 -0.19710074836529878
-0.0038447568017666686   	 -0.1961175598443274
-0.004801751015487392   	 -0.19513918005824726
-0.0057493366499210535   	 -0.19416556167361812
-0.00668762840681823   	 -0.19319665793505
-0.007616739199342782   	 -0.19223242265617654
-0.008536780185163316   	 -0.19127281021079467
-0.009447860798830459   	 -0.1903177755241686
-0.010350088783457508   	 -0.18936727406449355
-0.01124357022172147   	 -0.1884212618345165
-0.012128409566201166   	 -0.18747969536331005
-0.01300470966906842   	 -0.18654253169819646
-0.013872571811148173   	 -0.18560972839681847
-0.01473209573036263   	 -0.18468124351935405
-0.015583379649574432   	 -0.18375703562087148
-0.01642652030384324   	 -0.18283706374382275
-0.017261612967109798   	 -0.18192128741067135
-0.01808875147832116   	 -0.1810096666166521
-0.018908028267010425   	 -0.18010216182266062
-0.019719534378343888   	 -0.17919873394826885
-0.020523359497648285   	 -0.17829934436486494
-0.021319591974430348   	 -0.17740395488891406
-0.022108318845900712   	 -0.17651252777533868
-0.022889625860013686   	 -0.17562502571101457
-0.023663597498034348   	 -0.1747414118083812
-0.024430316996643914   	 -0.1738616495991639
-0.025189866369594176   	 -0.172985703028205
-0.025942326428921428   	 -0.17211353644740277
-0.026687776805730097   	 -0.1712451146097545
-0.02742629597055605   	 -0.17038040266350346
-0.028157961253319118   	 -0.16951936614638563
-0.028882848862874417   	 -0.1686619709799759
-0.029601033906171536   	 -0.16780818346413082
-0.03031259040703055   	 -0.1669579702715261
-0.031017591324543604   	 -0.1661112984422871
-0.03171610857111058   	 -0.1652681353787105
-0.032408213030116984   	 -0.16442844884007513
-0.033093974573262325   	 -0.16359220693754048
-0.03377346207754663   	 -0.16275937812913072
-0.034446743441923   	 -0.16192993121480292
-0.035113885603623364   	 -0.16110383533159806
-0.03577495455416505   	 -0.16028105994887223
-0.036430015355045045   	 -0.15946157486360776
-0.037079132153128865   	 -0.1586453501958014
-0.03772236819574097   	 -0.15783235638392912
-0.038359785845463144   	 -0.1570225641804857
-0.0389914465946472   	 -0.15621594464759714
-0.03961741107964854   	 -0.15541246915270535
-0.04023773909478641   	 -0.1546121093643232
-0.040852489606036865   	 -0.15381483724785872
-0.041461720764464416   	 -0.15302062506150677
-0.04206548991939778   	 -0.15222944535220806
-0.04266385363135546   	 -0.15144127095167229
-0.04325686768472647   	 -0.15065607497246641
-0.04384458710021143   	 -0.14987383080416483
-0.04442706614702929   	 -0.14909451210956187
-0.045004358354894594   	 -0.14831809282094402
-0.04557651652577015   	 -0.1475445471364223
-0.04614359274540005   	 -0.1467738495163222
-0.04670563839462748   	 -0.1460059746796309
-0.047262704160502086   	 -0.14524089760050082
-0.04781484004718117   	 -0.14447859350480796
-0.04836209538662911   	 -0.14371903786676404
-0.04890451884911929   	 -0.14296220640558222
-0.049442158453542606   	 -0.14220807508219413
-0.04997506157752664   	 -0.14145662009601867
-0.050503274967369324   	 -0.14070781788178038
-0.0510268447477912   	 -0.13996164510637735
-0.0515458164315097   	 -0.13921807866579727
-0.05206023492863938   	 -0.1384770956820811
-0.0525701445559216   	 -0.1377386735003331
-0.05307558904578714   	 -0.13700278968577667
-0.0535766115552552   	 -0.13626942202085515
-0.05407325467467213   	 -0.13553854850237684
-0.054565560436293126   	 -0.13481014733870278
-0.055053570322710146   	 -0.13408419694697785
-0.055537325275129105   	 -0.1333606759504029
-0.05601686570149936   	 -0.13263956317554826
-0.05649223148449867   	 -0.1319208376497077
-0.05696346198937625   	 -0.1312044785982914
-0.05743059607165693   	 -0.1304904654422584
-0.05789367208470929   	 -0.12977877779558677
-0.058352727887180225   	 -0.1290693954627816
-0.05880780085029883   	 -0.12836229843641972
-0.05925892786505209   	 -0.12765746689473031
-0.05970614534923502   	 -0.12695488119921186
-0.06014948925437749   	 -0.12625452189228314
-0.060588995072550555   	 -0.1255563696949692
-0.06102469784305422   	 -0.12486040550462069
-0.06145663215898936   	 -0.12416661039266659
-0.06188483217371576   	 -0.12347496560239936
-0.06230933160719867   	 -0.1227854525467921
-0.06273016375224603   	 -0.12209805280634735
-0.06314736148063838   	 -0.12141274812697653
-0.06356095724915362   	 -0.12072952041791005
-0.06397098310548865   	 -0.1200483517496369
-0.06437747069407986   	 -0.11936922435187412
-0.06478045126182443   	 -0.11869212061156476
-0.06517995566370424   	 -0.11801702307090411
-0.06557601436831441   	 -0.11734391442539419
-0.06596865746329825   	 -0.11667277752192541
-0.06635791466069015   	 -0.11600359535688512
-0.0667438153021687   	 -0.11533635107429278
-0.06712638836422112   	 -0.11467102796396114
-0.067505662463221   	 -0.114007609459683
-0.06788166586042119   	 -0.11334607913744316
-0.06825442646686278   	 -0.11268642071365516
-0.06862397184820253   	 -0.11202861804342226
-0.06899032922945962   	 -0.11137265511882243
-0.0693535254996836   	 -0.11071851606721689
-0.06971358721654493   	 -0.11006618514958183
-0.07007054061084945   	 -0.10941564675886267
-0.07042441159097826   	 -0.10876688541835106
-0.07077522574725427   	 -0.10811988578008348
-0.0711230083562372   	 -0.10747463262326196
-0.07146778438494762   	 -0.1068311108526957
-0.07180957849502197   	 -0.10618930549726377
-0.07214841504679947   	 -0.1055492017083986
-0.07248431810334234   	 -0.10491078475858934
-0.07281731143439042   	 -0.1042740400399056
-0.07314741852025133   	 -0.10363895306254045
-0.07347466255562773   	 -0.10300550945337297
-0.07379906645338213   	 -0.10237369495454948
-0.07412065284824099   	 -0.10174349542208387
-0.07443944410043901   	 -0.10111489682447584
-0.07475546229930441   	 -0.10048788524134757
-0.07506872926678668   	 -0.09986244686209791
-0.07537926656092755   	 -0.09923856798457434
-0.07568709547927625   	 -0.09861623501376182
-0.07599223706225007   	 -0.0979954344604889
-0.07629471209644116   	 -0.09737615294015027
-0.0765945411178706   	 -0.09675837717144578
-0.07689174441519045   	 -0.09614209397513568
-0.07718634203283498   	 -0.09552729027281162
-0.07747835377412175   	 -0.09491395308568334
-0.07776779920430359   	 -0.09430206953338073
-0.07805469765357194   	 -0.09369162683277109
-0.07833906822001317   	 -0.09308261229679113
-0.0786209297725178   	 -0.09247501333329389
-0.07890030095364396   	 -0.09186881744390976
-0.07917720018243585   	 -0.09126401222292202
-0.0794516456571978   	 -0.09066058535615618
-0.07972365535822479   	 -0.09005852461988309
-0.07999324705049014   	 -0.08945781787973564
-0.08026043828629112   	 -0.08885845308963887
-0.0805252464078533   	 -0.08826041829075303
-0.08078768854989392   	 -0.08766370161042959
-0.08104778164214574   	 -0.08706829126118022
-0.08130554241184108   	 -0.0864741755396579
-0.08156098738615766   	 -0.08588134282565066
-0.08181413289462608   	 -0.08528978158108724
-0.08206499507150014   	 -0.08469948034905497
-0.08231358985809031   	 -0.08411042775282904
-0.08255993300506125   	 -0.08352261249491363
-0.0828040400746934   	 -0.0829360233560944
-0.08304592644311012   	 -0.08235064919450209
-0.08328560730247007   	 -0.0817664789446872
-0.08352309766312589   	 -0.0811835016167056
-0.08375841235574978   	 -0.08060170629521492
-0.08399156603342608   	 -0.08002108213858128
-0.08422257317371191   	 -0.07944161837799651
-0.0844514480806661   	 -0.0788633043166057
-0.08467820488684683   	 -0.07828612932864464
-0.08490285755527877   	 -0.07771008285858723
-0.08512541988139012   	 -0.07713515442030276
-0.0853459054949198   	 -0.0765613335962226
-0.08556432786179555   	 -0.07598861003651652
-0.08578070028598336   	 -0.0754169734582783
-0.08599503591130854   	 -0.07484641364472039
-0.08620734772324894   	 -0.07427692044437777
-0.08641764855070094   	 -0.07370848377032067
-0.08662595106771835   	 -0.0731410935993759
-0.08683226779522478   	 -0.07257473997135708
-0.08703661110270003   	 -0.07200941298830309
-0.08723899320984065   	 -0.07144510281372508
-0.08743942618819518   	 -0.07088179967186164
-0.08763792196277467   	 -0.07031949384694212
-0.08783449231363838   	 -0.06975817568245783
-0.08802914887745554   	 -0.0691978355804413
-0.0882219031490433   	 -0.06863846400075313
-0.08841276648288121   	 -0.06808005146037654
-0.0886017500946027   	 -0.06752258853271939
-0.08878886506246371   	 -0.06696606584692368
-0.08897412232878923   	 -0.06641047408718227
-0.08915753270139753   	 -0.06585580399206277
-0.08933910685500279   	 -0.06530204635383854
-0.08951885533259653   	 -0.0647491920178267
-0.08969678854680761   	 -0.06419723188173272
-0.0898729167812419   	 -0.06364615689500222
-0.09004725019180129   	 -0.06309595805817904
-0.09021979880798253   	 -0.06254662642226991
-0.09039057253415643   	 -0.06199815308811572
-0.0905595811508273   	 -0.0614505292057691
-0.09072683431587333   	 -0.060903745973878036
-0.09089234156576786   	 -0.06035779463907594
-0.09105611231678186   	 -0.05981266649537752
-0.09121815586616833   	 -0.05926835288358091
-0.09137848139332805   	 -0.05872484519067531
-0.09153709796095785   	 -0.05818213484925472
-0.09169401451618092   	 -0.05764021333693724
-0.09184923989165983   	 -0.05709907217578992
-0.0920027828066925   	 -0.05655870293175932
-0.09215465186829098   	 -0.0560190972141073
-0.09230485557224385   	 -0.055480246674852275
-0.09245340230416192   	 -0.05494214300821574
-0.09260030034050788   	 -0.05440477795007396
-0.0927455578496098   	 -0.053868143277414696
-0.09288918289265909   	 -0.05333223080779919
-0.09303118342469256   	 -0.052797032398828776
-0.09317156729555945   	 -0.05226253994761663
-0.09331034225087306   	 -0.05172874539026418
-0.09344751593294766   	 -0.05119564070134232
-0.09358309588172048   	 -0.050663217893377126
-0.09371708953565926   	 -0.05013146901634038
-0.09384950423265541   	 -0.049600386157144356
-0.09398034721090301   	 -0.04906996143914118
-0.09410962560976383   	 -0.04854018702162652
-0.09423734647061854   	 -0.04801105509934754
-0.09436351673770446   	 -0.04748255790201511
-0.09448814325893955   	 -0.046954687693820135
-0.0946112327867334   	 -0.04642743677295403
-0.09473279197878505   	 -0.04590079747113311
-0.09485282739886786   	 -0.0453747621531271
-0.09497134551760159   	 -0.04484932321629134
-0.09508835271321185   	 -0.044324473090103005
-0.09520385527227722   	 -0.043800204235700926
-0.09531785939046393   	 -0.04327650914542932
-0.09543037117324844   	 -0.04275338034238488
-0.09554139663662803   	 -0.04223081037996773
-0.09565094170781947   	 -0.04170879184143574
-0.09575901222594607   	 -0.041187317339462334
-0.09586561394271309   	 -0.04066637951569775
-0.09597075252307175   	 -0.040145971040333565
-0.0960744335458718   	 -0.039626084611670616
-0.09617666250450316   	 -0.03910671295569005
-0.09627744480752627   	 -0.03858784882562764
-0.09637678577929168   	 -0.0380694850015512
-0.09647469066054874   	 -0.03755161428994099
-0.09657116460904377   	 -0.03703422952327332
-0.09666621270010745   	 -0.036517323559606914
-0.09675983992723192   	 -0.03600088928217234
-0.09685205120263762   	 -0.03548491959896419
-0.09694285135782972   	 -0.034969407442336155
-0.0970322451441446   	 -0.034454345768598786
-0.09712023723328632   	 -0.033939727557620036
-0.09720683221785313   	 -0.03342554581242839
-0.09729203461185428   	 -0.03291179355881863
-0.09737584885121703   	 -0.032398463844960174
-0.09745827929428427   	 -0.03188554974100792
-0.09753933022230249   	 -0.03137304433871553
-0.09761900583990028   	 -0.030860940751051138
-0.09769731027555788   	 -0.030349232111815495
-0.09777424758206707   	 -0.02983791157526231
-0.09784982173698234   	 -0.029326972315721
-0.09792403664306272   	 -0.028816407527221546
-0.0979968961287049   	 -0.028306210423121664
-0.09806840394836729   	 -0.02779637423573605
-0.09813856378298542   	 -0.027286892215967667
-0.09820737924037864   	 -0.02677775763294123
-0.09827485385564817   	 -0.026268963773638597
-0.09834099109156647   	 -0.025760503942536123
-0.09840579433895838   	 -0.02525237146124402
-0.09846926691707372   	 -0.024744559668147533
-0.09853141207395152   	 -0.024237061918049967
-0.09859223298677613   	 -0.023729871581817545
-0.09865173276222489   	 -0.023222982046026
-0.09870991443680803   	 -0.022716386712608897
-0.09876678097720012   	 -0.022210078998507618
-0.0988223352805639   	 -0.021704052335323024
-0.09887658017486577   	 -0.02119830016896865
-0.09892951841918372   	 -0.02069281595932552
-0.0989811527040073   	 -0.020187593179898457
-0.09903148565152985   	 -0.01968262531747387
-0.09908051981593297   	 -0.01917790587177898
-0.0991282576836634   	 -0.01867342835514249
-0.09917470167370229   	 -0.018169186292156532
-0.09921985413782679   	 -0.017665173219340042
-0.09926371736086433   	 -0.01716138268480336
-0.09930629356093933   	 -0.016657808247914106
-0.09934758488971238   	 -0.01615444347896426
-0.09938759343261235   	 -0.01565128195883844
-0.09942632120906088   	 -0.015148317278683286
-0.09946377017268968   	 -0.01464554303957799
-0.0994999422115507   	 -0.014142952852205867
-0.09953483914831895   	 -0.013640540336526964
-0.09956846274048817   	 -0.013138299121451669
-0.09960081468055937   	 -0.012636222844515281
-0.09963189659622244   	 -0.012134305151553502
-0.09966171005053044   	 -0.011632539696378829
-0.09969025654206688   	 -0.011130920140457762
-0.09971753750510633   	 -0.010629440152588897
-0.09974355430976761   	 -0.01012809340858175
-0.09976830826216035   	 -0.00962687359093634
-0.09979180060452442   	 -0.009125774388523512
-0.09981403251536276   	 -0.008624789496265908
-0.09983500510956696   	 -0.008123912614819609
-0.09985471943853626   	 -0.007623137450256373
-0.09987317649028975   	 -0.00712245771374646
-0.09989037718957154   	 -0.006621867121241993
-0.09990632239794942   	 -0.00612135939316084
-0.09992101291390648   	 -0.005620928254070953
-0.09993444947292625   	 -0.005120567432375171
-0.09994663274757094   	 -0.004620270659996415
-0.09995756334755299   	 -0.004120031672063265
-0.09996724181979993   	 -0.0036198442065958716
-0.09997566864851261   	 -0.003119702004192189
-0.09998284425521654   	 -0.002619598807714462
-0.09998876899880696   	 -0.0021195283619759755
-0.09999344317558666   	 -0.0016194844134279896
-0.09999686701929777   	 -0.0011194607098468684
-0.09999904070114644   	 -0.0006194510000213364
-0.09999996432982103   	 -0.0001194490334398483
-0.09999963795150375   	 0.0003805514400219678
-0.09999806154987549   	 0.0008805566704138269
-0.09999523504611409   	 0.0013805729080232955
-0.09999115829888602   	 0.0018806064036883238
-0.09998583110433132   	 0.0023806634091098383
-0.09997925319604192   	 0.0028807501771644256
-0.09997142424503339   	 0.0033808729622171398
-0.09996234385970985   	 0.0038810380204344686
-0.09995201158582255   	 0.004381251610097497
-0.09994042690642133   	 0.00488151999191528
-0.09992758924179983   	 0.005381849429338494
-0.0999134979494337   	 0.005882246188873361
-0.0998981523239124   	 0.006382716540395917
-0.09988155159686388   	 0.0068832667574666145
-0.09986369493687308   	 0.007383903117645344
-0.09984458144939311   	 0.007884631902806853
-0.09982421017665016   	 0.008385459399456665
-0.09980258009754137   	 0.00888639189904744
-0.0997796901275259   	 0.0093874356982959
-0.09975553911850937   	 0.009888597099500311
-0.09973012585872132   	 0.010389882410858548
-0.0997034490725858   	 0.010891297946786792
-0.09967550742058515   	 0.011392850028238906
-0.09964629949911692   	 0.011894544983026488
-0.09961582384034369   	 0.01239638914613967
-0.09958407891203613   	 0.012898388860068688
-0.099551063117409   	 0.013400550475126246
-0.09951677479494991   	 0.013902880349770714
-0.09948121221824148   	 0.014405384850930214
-0.09944437359577606   	 0.014908070354327601
-0.09940625707076339   	 0.015410943244806394
-0.0993668607209313   	 0.015914009916657684
-0.09932618255831896   	 0.016417276773948056
-0.09928422052906312   	 0.016920750230848564
-0.09924097251317683   	 0.01742443671196479
-0.09919643632432132   	 0.017928342652668044
-0.09915060970956988   	 0.01843247449942769
-0.09910349034916494   	 0.01893683871014471
-0.09905507585626729   	 0.019441441754486456
-0.09900536377669815   	 0.019946290114222734
-0.09895435158867345   	 0.02045139028356313
-0.0989020367025306   	 0.020956748769495746
-0.0988484164604477   	 0.021462372092127254
-0.09879348813615497   	 0.021968266785024462
-0.09873724893463857   	 0.022474439395557246
-0.09867969599183637   	 0.022980896485243037
-0.09862082637432618   	 0.023487644630092855
-0.09856063707900586   	 0.023994690420958902
-0.09849912503276552   	 0.02450204046388376
-0.09843628709215164   	 0.02500970138045128
-0.09837212004302322   	 0.025517679808139147
-0.09830662060019962   	 0.026025982400673237
-0.09823978540710024   	 0.02653461582838363
-0.09817161103537589   	 0.027043586778562605
-0.09810209398453182   	 0.027552901955824372
-0.09803123068154229   	 0.02806256808246681
-0.09795901748045657   	 0.02857259189883504
-0.09788545066199646   	 0.02908298016368711
-0.09781052643314508   	 0.02959373965456161
-0.09773424092672689   	 0.030104877168147453
-0.09765659020097898   	 0.03061639952065572
-0.09757757023911336   	 0.03112831354819367
-0.09749717694887026   	 0.031640626107141
-0.09741540616206248   	 0.03215334407452833
-0.09733225363411037   	 0.03266647434841801
-0.09724771504356773   	 0.03318002384828725
-0.09716178599163826   	 0.03369399951541366
-0.09707446200168267   	 0.03420840831326323
-0.09698573851871607   	 0.034723257227880805
-0.09689561090889594   	 0.03523855326828308
-0.09680407445900026   	 0.0357543034668542
-0.09671112437589569   	 0.036270514879743955
-0.09661675578599607   	 0.036787194587268736
-0.09652096373471064   	 0.037304349694315106
-0.09642374318588219   	 0.03782198733074631
-0.0963250890212149   	 0.038340114651811426
-0.09622499603969192   	 0.038858738838557616
-0.09612345895698235   	 0.03937786709824515
-0.09602047240483748   	 0.03989750666476549
-0.09591603093047658   	 0.04041766479906241
-0.0958101289959616   	 0.04093834878955622
-0.09570276097756102   	 0.04145956595257114
-0.09559392116510244   	 0.04198132363276587
-0.09548360376131412   	 0.042503629203567456
-0.09537180288115499   	 0.04302649006760843
-0.09525851255113317   	 0.043549913657167386
-0.09514372670861293   	 0.04407390743461294
-0.09502743920110976   	 0.0445984788928512
-0.0949096437855736   	 0.04512363555577683
-0.09479033412765979   	 0.04564938497872765
-0.09466950380098814   	 0.046175734748943
-0.09454714628638929   	 0.04670269248602578
-0.09442325497113861   	 0.047230265842408296
-0.09429782314817758   	 0.047758462503821965
-0.09417084401532211   	 0.04828729018977101
-0.09404231067445792   	 0.04881675665401006
-0.0939122161307227   	 0.049346869685025795
-0.09378055329167505   	 0.04987763710652288
-0.09364731496644957   	 0.050409066777913826
-0.09351249386489868   	 0.05094116659481336
-0.09337608259672019   	 0.05147394448953694
-0.09323807367057087   	 0.05200740843160377
-0.09309845949316599   	 0.05254156642824428
-0.09295723236836405   	 0.05307642652491201
-0.09281438449623713   	 0.053611996805800366
-0.09266990797212633   	 0.05414828539436375
-0.09252379478568211   	 0.05468530045384373
-0.09237603681988935   	 0.05522305018779985
-0.09222662585007714   	 0.05576154284064549
-0.09207555354291269   	 0.05630078669818858
-0.09192281145537935   	 0.056840790088177495
-0.09176839103373877   	 0.05738156138085209
-0.0916122836124763   	 0.05792310898949987
-0.09145448041323026   	 0.058465441371017626
-0.09129497254370404   	 0.05900856702647832
-0.09113375099656143   	 0.0595524945017035
-0.0909708066483045   	 0.06009723238784139
-0.09080613025813383   	 0.0606427893219504
-0.0906397124667915   	 0.061189173987588684
-0.0904715437953852   	 0.06173639511540921
-0.09030161464419471   	 0.06228446148376102
-0.09012991529145963   	 0.06283338191929634
-0.08995643589214793   	 0.06338316529758381
-0.08978116647670595   	 0.06393382054372809
-0.08960409694978848   	 0.0644853566329955
-0.08942521708896943   	 0.06503778259144623
-0.08924451654343248   	 0.06559110749657311
-0.08906198483264127   	 0.06614534047794672
-0.0888776113449892   	 0.06670049071786745
-0.0886913853364283   	 0.06725656745202424
-0.08850329592907669   	 0.0678135799701603
-0.08831333210980481   	 0.06837153761674575
-0.08812148272879948   	 0.06893044979165747
-0.08792773649810595   	 0.06949032595086614
-0.08773208199014736   	 0.07005117560713069
-0.08753450763622123   	 0.07061300833070003
-0.08733500172497283   	 0.07117583375002265
-0.08713355240084492   	 0.07173966155246367
-0.08693014766250334   	 0.07230450148502972
-0.08672477536123857   	 0.0728703633551019
-0.08651742319934222   	 0.07343725703117666
-0.08630807872845879   	 0.074005192443615
-0.08609672934791142   	 0.07457417958539965
-0.08588336230300224   	 0.07514422851290117
-0.08566796468328604   	 0.07571534934665222
-0.08545052342081731   	 0.0762875522721307
-0.08523102528837016   	 0.07686084754055172
-0.08500945689763048   	 0.07743524546966846
-0.08478580469736022   	 0.07801075644458215
-0.084560054971533   	 0.07858739091856151
-0.0843321938374409   	 0.07916515941387123
-0.0841022072437717   	 0.07974407252261025
-0.08387008096865625   	 0.08032414090755967
-0.08363580061768544   	 0.08090537530304043
-0.08339935162189625   	 0.08148778651578104
-0.08316071923572631   	 0.0820713854257955
-0.08291988853493676   	 0.08265618298727144
-0.08267684441450236   	 0.08324219022946872
-0.08243157158646883   	 0.0838294182576288
-0.08218405457777653   	 0.08441787825389473
-0.08193427772805002   	 0.08500758147824222
-0.08168222518735313   	 0.08559853926942186
-0.08142788091390843   	 0.0861907630459125
-0.08117122867178124   	 0.08678426430688632
-0.08091225202852696   	 0.0873790546331855
-0.0806509343528013   	 0.08797514568831065
-0.08038725881193294   	 0.08857254921942141
-0.08012120836945781   	 0.08917127705834921
-0.07985276578261437   	 0.08977134112262251
-0.07958191359979915   	 0.09037275341650461
-0.07930863415798209   	 0.0909755260320443
-0.07903290958008076   	 0.09157967115013955
-0.07875472177229283   	 0.09218520104161444
-0.07847405242138614   	 0.09279212806830948
-0.07819088299194547   	 0.09340046468418564
-0.07790519472357552   	 0.09401022343644226
-0.07761696862805889   	 0.09462141696664898
-0.07732618548646893   	 0.09523405801189214
-0.07703282584623593   	 0.09584815940593555
-0.07673687001816652   	 0.09646373408039619
-0.07643829807341489   	 0.09708079506593487
-0.07613708984040526   	 0.09769935549346215
-0.07583322490170487   	 0.0983194285953598
-0.07552668259084615   	 0.09894102770671802
-0.07521744198909774   	 0.09956416626658864
-0.07490548192218296   	 0.10018885781925461
-0.07459078095694507   	 0.1008151160155161
-0.07427331739795824   	 0.10144295461399333
-0.07395306928408332   	 0.1020723874824464
-0.0736300143849674   	 0.10270342859911274
-0.07330413019748609   	 0.10333609205406197
-0.07297539394212757   	 0.10397039205056878
-0.07264378255931725   	 0.10460634290650402
-0.07230927270568202   	 0.10524395905574432
-0.07197184075025305   	 0.10588325504960067
-0.07163146277060575   	 0.10652424555826576
-0.07128811454893616   	 0.10716694537228133
-0.07094177156807223   	 0.10781136940402486
-0.07059240900741885   	 0.10845753268921654
-0.07024000173883556   	 0.10910545038844657
-0.06988452432244575   	 0.1097551377887236
-0.06952595100237552   	 0.11040661030504376
-0.06916425570242168   	 0.11105988348198156
-0.06879941202164702   	 0.11171497299530259
-0.0684313932299016   	 0.11237189465359816
-0.0680601722632687   	 0.1130306643999429
-0.06768572171943422   	 0.11369129831357506
-0.06730801385297755   	 0.11435381261160024
-0.06692702057058304   	 0.1150182236507189
-0.06654271342617005   	 0.11568454792897785
-0.06615506361594048   	 0.1163528020875467
-0.06576404197334165   	 0.11702300291251862
-0.06536961896394358   	 0.1176951673367372
-0.06497176468022842   	 0.11836931244164868
-0.06457044883629062   	 0.1190454554591806
-0.06416564076244634   	 0.11972361377364728
-0.06375730939974968   	 0.12040380492368224
-0.06334542329441464   	 0.12108604660419856
-0.0629299505921406   	 0.12177035666837707
-0.0625108590323394   	 0.12245675312968343
-0.06208811594226243   	 0.12314525416391421
-0.061661688231025163   	 0.1238358781112725
-0.061231542383527925   	 0.1245286434784738
-0.06079764445427011   	 0.12522356894088252
-0.060359960061056185   	 0.1259206733446797
-0.05991845437859115   	 0.1266199757090624
-0.05947309213196333   	 0.12732149522847533
-0.05902383759001225   	 0.12802525127487585
-0.05857065455857924   	 0.12873126340003158
-0.058113506373638484   	 0.12943955133785276
-0.05765235589430606   	 0.1301501350067589
-0.05718716549572469   	 0.1308630345120811
-0.05671789706182123   	 0.1315782701484995
-0.05624451197793504   	 0.13229586240251806
-0.05576697112331389   	 0.13301583195497613
-0.055285234863475224   	 0.13373819968359793
-0.05479926304242974   	 0.1344629866655806
-0.05430901497476464   	 0.13519021418022145
-0.05381444943758357   	 0.13591990371158513
-0.05331552466230034   	 0.13665207695121162
-0.05281219832628345   	 0.1373867558008654
-0.05230442754434821   	 0.13812396237532693
-0.051792168860093496   	 0.13886371900522687
-0.05127537823707971   	 0.13960604823992448
-0.05075401104984477   	 0.14035097285042983
-0.05022802207475468   	 0.141098515832372
-0.04969736548068522   	 0.14184870040901296
-0.04916199481953133   	 0.1426015500343088
-0.04862186301654025   	 0.14335708839601866
-0.048076922360465096   	 0.14411533941886256
-0.047527124493534786   	 0.14487632726772892
-0.04697242040123645   	 0.1456400763509324
-0.04641276040190651   	 0.14640661132352392
-0.04584809413612606   	 0.14717595709065248
-0.04527837055591665   	 0.14794813881098112
-0.04470353791373198   	 0.1487231819001571
-0.04412354375124118   	 0.1495011120343375
-0.0435383348878992   	 0.15028195515377193
-0.042947857409299704   	 0.1510657374664425
-0.04235205665530567   	 0.15185248545176247
-0.041750877207952945   	 0.15264222586433554
-0.04114426287912179   	 0.15343498573777525
-0.04053215669797122   	 0.1542307923885873
-0.03991450089813119   	 0.15502967342011503
-0.03929123690464696   	 0.1558316567265497
-0.03866230532067046   	 0.15663677049700628
-0.038027645913892905   	 0.1574450432196671
-0.03738719760271293   	 0.15825650368599334
-0.03674089844213445   	 0.15907118099500683
-0.03608868560938802   	 0.1598891045576427
-0.035430495389269796   	 0.1607103041011748
-0.03476626315919144   	 0.16153480967371528
-0.034095923373934696   	 0.16236265164878935
-0.03341940955010386   	 0.16319386072998723
-0.03273665425026935   	 0.1640284679556944
-0.032047589066795334   	 0.1648665047039024
-0.03135214460534424   	 0.16570800269710062
-0.030650250468050748   	 0.16655299400725193
-0.029941835236357725   	 0.16740151106085308
-0.02922682645350633   	 0.16825358664408163
-0.028505150606672258   	 0.16910925390803158
-0.02777673310874015   	 0.16996854637403933
-0.02704149827970743   	 0.1708314979391009
-0.02629936932770938   	 0.1716981428813843
-0.025550268329656282   	 0.17256851586583657
-0.024794116211473743   	 0.1734426519498895
-0.024030832727936838   	 0.17432058658926453
-0.023260336442088567   	 0.17520235564387993
-0.022482544704232745   	 0.17608799538386172
-0.021697373630491356   	 0.17697754249566092
-0.02090473808091591   	 0.17787103408827878
-0.02010455163714239   	 0.1787685076996031
-0.01929672657957865   	 0.1796700013028567
-0.018481173864113302   	 0.18057555331316216
-0.01765780309833443   	 0.18148520259422316
-0.016826522517246454   	 0.1823989884651267
-0.0159872389584729   	 0.18331695070726778
-0.015139857836932766   	 0.18423912957139943
-0.014284283118977554   	 0.18516556578481053
-0.013420417295975885   	 0.18609630055863455
-0.012548161357332228   	 0.18703137559529182
-0.011667414762925751   	 0.18797083309606757
-0.010778075414955153   	 0.18891471576883032
-0.00988003962917473   	 0.18986306683589127
-0.008973202105506648   	 0.1908159300420102
-0.008057455898013927   	 0.1917733496625494
-0.00713269238421817   	 0.192735370511779
-0.006198801233745748   	 0.19370203795133834
-0.005255670376285511   	 0.19467339789885468
-0.0043031859688408   	 0.19564949683672506
-0.003341232362257885   	 0.19663038182106257
-0.0023696920670125687   	 0.19761610049081266
-0.0013884457182361096   	 0.1986067010770421
-0.0003973720399610776   	 0.19960223241240457
0.0006036521914327622   	 0.2006027439407874
0.0016147521845930619   	 0.20160828572714273
0.0026360551714110863   	 0.20261890846750813
0.0036676904461012028   	 0.2036346634992198
0.004709789405166011   	 0.20465560281132403
0.0057624855882700944   	 0.2056817790551901
0.006825914720046095   	 0.2067132455553307
0.007900214752857425   	 0.20775005632043275
0.008985525910542738   	 0.2087922660546053
0.010081990733167996   	 0.2098399301688485
0.011189754122812656   	 0.21089310479274817
0.012308963390417475   	 0.21195184678640333
0.013439768303722   	 0.21301621375258928
0.014582321136320919   	 0.21408626404916398
0.01573677671786914   	 0.21516205680172248
0.016903292485466386   	 0.21624365191650494
0.018082028536253174   	 0.217331110093565
0.01927314768125078   	 0.21842449284020396
0.020476815500479046   	 0.21952386248467753
0.02169320039938667   	 0.22062928219018135
0.02292247366662986   	 0.22174081596912182
0.024164809533236322   	 0.22285852869767972
0.02542038523319255   	 0.2239824861306728
0.026689381065493768   	 0.22511275491672503
0.027971980457696954   	 0.2262494026137501
0.029268370031018686   	 0.22739249770475603
0.03057873966702086   	 0.22854210961397975
0.031903282575928726   	 0.22969830872335892
0.033242195366626946   	 0.23086116638934923
0.03459567811838106   	 0.23203075496009667
0.03596393445433299   	 0.23320714779297225
0.037347171616821044   	 0.23439041927247886
0.03874560054457612   	 0.23558064482853944
0.04015943595184803   	 0.23677790095517615
0.041588896409516914   	 0.23798226522958968
0.043034204428247125   	 0.23919381633164946
0.04449558654374243   	 0.24041263406380495
0.04597327340416339   	 0.24163879937142824
0.04746749985977002   	 0.24287239436359995
0.048978505054854224   	 0.24411350233434792
0.05050653252202973   	 0.24536220778435278
0.05205183027894822   	 0.24661859644312975
0.05361465092751364   	 0.2478827552917013
0.05519525175566861   	 0.2491547725857714
0.0567938948418293   	 0.25043473787941584
0.05841084716204797   	 0.2517227420493015
0.060046380699984706   	 0.253018877319448
0.061700772559773014   	 0.2543232372865468
0.06337430508186641   	 0.2556359169458521
0.06506726596195642   	 0.2569570127176578
0.06677994837305551   	 0.25828662247437867
0.06851265109084125   	 0.2596248455682478
0.07026567862236188   	 0.2609717828596509
0.07203934133820676   	 0.2623275367461119
0.07383395560824835   	 0.26369221119194886
0.07564984394106689   	 0.26506591175861666
0.07748733512717186   	 0.26644874563575777
0.0793467643861394   	 0.26784082167297757
0.08122847351778807   	 0.26924225041236605
0.0831328110575204   	 0.2706531441217858
0.08506013243596158   	 0.272073616828947
0.0870108001430321   	 0.2735037843562916
0.08898518389659543   	 0.2749437643567102
0.09098366081582687   	 0.2763936763501125
0.09300661559945556   	 0.27785364176087785
0.0950544407090367   	 0.27932378395620855
0.09712753655741677   	 0.2808042282854137
0.09922631170256063   	 0.282295102120147
0.10135118304691576   	 0.2837965348956296
0.10350257604249453   	 0.28530865815288153
0.10568092490186347   	 0.28683160558199544
0.10788667281523416   	 0.288365513066479
0.11012027217385865   	 0.2899105187286993
0.11238218479993912   	 0.29146676297645957
0.11467288218327011   	 0.2930343885507434
0.11699284572483926   	 0.2946135405746581
0.1193425669876217   	 0.2962043666036149
0.1217225479548117   	 0.2978070166767813
0.12413330129574462   	 0.29942164336984367
0.12657535063977204   	 0.30104840184911935
0.12904923085836353   	 0.30268744992705826
0.1315554883557176   	 0.3043389481191769
0.13409468136817765   	 0.30600305970246616
0.1366673802727584   	 0.30767995077532007
0.13927416790510086   	 0.30936979031902956
0.14191563988718744   	 0.31107275026089154
0.14459240496515952   	 0.3127890055389796
0.14730508535759682   	 0.31451873416863224
0.15005431711462938   	 0.3162621173107076
0.15284075048826887   	 0.31801933934166254
0.15566505031436192   	 0.31979058792551224
0.1585278964065841   	 0.32157605408772844
0.16142998396291036   	 0.3233759322911403
0.16437202398501533   	 0.3251904205138985
0.16735474371107575   	 0.32701972032957016
0.17037888706246682   	 0.32886403698943234
0.17344521510486416   	 0.33072357950703435
0.17655450652428523   	 0.3325985607451032
0.17970755811862593   	 0.3344891975048677
0.18290518530527078   	 0.33639571061787976
0.18614822264538122   	 0.33831832504041587
0.1894375243854904   	 0.3402572699505422
0.19277396501706087   	 0.34221277884793305
0.19615843985468906   	 0.34418508965653294
0.19959186563367018   	 0.346174444830158
0.20307518112766798   	 0.34818109146113496
0.2066093477872663   	 0.35020528139208085
0.21019535040021242   	 0.3522472713309288
0.21383419777419926   	 0.35430732296931106
0.21752692344307006   	 0.3563857031044147
0.22127458639736725   	 0.358482683764428
0.22507827184019047   	 0.360598542337703
0.22893909196937073   	 0.36273356170576265
0.23285818678701192   	 0.36488803038028633
0.23683672493750108   	 0.36706224264421483
0.24087590457513564   	 0.3692564986971174
0.2449769542625716   	 0.3714711048049749
0.2491411339013494   	 0.37370637345453417
0.2533697356958127   	 0.375962623512398
0.25766408515179734   	 0.37824018038902074
0.2620255421115319   	 0.38053937620778844
0.2664555018262559   	 0.3828605499793657
0.2709553960681371   	 0.3852040477815036
0.27552669428314225   	 0.3875702229445096
0.28017090478659173   	 0.3899594362425875
0.2848895760032163   	 0.39237205609126463
0.28968429775361804   	 0.3948084587511357
0.2945567025891309   	 0.39726902853815876
0.2995084671771736   	 0.39975415804075065
0.30454131373928844   	 0.4022642483439404
0.30965701154416886   	 0.40479970926084863
0.31485737845809286   	 0.4073609595717748
0.320144282555298   	 0.4099484272711864
0.3255196437909597   	 0.4125625498229134
0.3309854357395739   	 0.41520377442387196
0.33654368740167734   	 0.41787255827664843
0.3421964850819968   	 0.42056936887129426
0.34794597434227187   	 0.4232946842766972
0.353794362032164   	 0.4260489934419111
0.359743918401839   	 0.4288327965078413
0.36579697930000094   	 0.4316466051297061
0.3719559484613492   	 0.43449094281071005
0.3782232998876411   	 0.43736634524738693
0.38460158032676145   	 0.4402733606870901
0.3910934118544423   	 0.4432125502981351
0.3977014945635105   	 0.4461844885531143
0.4044286093658213   	 0.44918976362594076
0.4112776209123003   	 0.4522289778031922
0.41825148063682044   	 0.4553027479103637
0.4253532299299521   	 0.45841170575366075
0.4325860034489594   	 0.46155649857800046
0.43995303257076507   	 0.4647377895419158
0.44745764899498847   	 0.46795625821009745
0.45510328850455634   	 0.4712126010643419
0.46289349489181025   	 0.4745075320337119
0.4708319240584898   	 0.4778417830447604
0.47892234829844377   	 0.48121610459270536
