Tabla de coordenadas (x,y) para trayectoria parabolica:
	 x [UA] 				 y [UA]
2.4142135623730945   	 -2.414213562373095
2.3733914936835427   	 -2.3972448743019736
2.333338624239404   	 -2.380478365471698
2.294035806674854   	 -2.363910238006026
2.2554644861520434   	 -2.3475367882749114
2.2176066784946316   	 -2.331354403986932
2.180444949257009   	 -2.315359561388688
2.143962393683744   	 -2.2995488225666114
2.108142617516241   	 -2.283918832846842
2.0729697186059237   	 -2.268466318289043
2.0384282692954243   	 -2.2531880832702025
2.0045032995313736   	 -2.2380810081546976
1.9711802806742376   	 -2.2231420470470336
1.9384451099725357   	 -2.208368225623859
1.9062840956704519   	 -2.193756639042012
1.8746839427194897   	 -2.1793044499195102
1.8436317390663226   	 -2.16500888638653
1.8131149424904396   	 -2.1508672402035605
1.7831213679665359   	 -2.136876864944041
1.7536391755278808   	 -2.1230351742389386
1.7246568586080877   	 -2.1093396400807944
1.6961632328398517   	 -2.0957877911849048
1.6681474252903135   	 -2.0823772114054235
1.640598864113687   	 -2.06910553820422
1.613507268602787   	 -2.0559704611704843
1.5868626396219625   	 -2.0429697205891046
1.5606552504048228   	 -2.0301011060559633
1.534875637700948   	 -2.017362455138366
1.5095145932565348   	 -2.0047516520788977
1.4845631556146626   	 -1.9922666265410673
1.4600126022215516   	 -1.9799053523951855
1.4358544418258226   	 -1.9676658465429657
1.4120804071584079   	 -1.9555461677794304
1.3886824478813242   	 -1.9435444156907369
1.3656527237940783   	 -1.9316587295866101
1.3429835982870117   	 -1.9198872874661221
1.320667632031372   	 -1.908228305015609
1.2986975768963847   	 -1.8966800346375687
1.277066370084035   	 -1.8852407645094222
1.255767128472697   	 -1.8739088176710716
1.2347931431611707   	 -1.8626825511402476
1.2141378742050288   	 -1.8515603550546382
1.1937949455375865   	 -1.8405406518398808
1.17375814006812   	 -1.829621895402501
1.154021394950297   	 -1.8188025703469288
1.1345787970141097   	 -1.808081191215765
1.1154245783548733   	 -1.7974563017524925
1.0965531120731509   	 -1.786926474185858
1.07795890815974   	 -1.7764903085351973
1.0596366095200875   	 -1.766146431935975
1.0415809881327767   	 -1.755893497984873
1.0237869413369327   	 -1.745730186103759
1.0062494882436295   	 -1.7356552009219053
0.9889637662665831   	 -1.7256672716758483
0.9719250277676348   	 -1.7157651516263144
0.955128636812684   	 -1.7059476174916297
0.9385700660339494   	 -1.6962134688970898
0.9222448935945886   	 -1.6865615278397574
0.9061488002518786   	 -1.6769906381681914
0.8902775665153155   	 -1.6674996650766174
0.8746270698961457   	 -1.6580874946130835
0.85919328224498   	 -1.6487530332011402
0.8439722671742836   	 -1.6394952071746254
0.8289601775626604   	 -1.630312962325124
0.8141532531379844   	 -1.621205263461715
0.7995478181365386   	 -1.6121710939826077
0.7851402790354429   	 -1.603209455458296
0.7709271223557639   	 -1.594319367225879
0.7569049125337962   	 -1.5854998659941892
0.7430702898581096   	 -1.5767500054594004
0.7294199684700496   	 -1.5680688559307907
0.7159507344254737   	 -1.5594555039663518
0.7026594438155843   	 -1.5509090520179347
0.689543020944812   	 -1.542428618085655
0.676598456563779   	 -1.5340133353812666
0.6638228061554423   	 -1.5256623520002335
0.6512131882726042   	 -1.5173748306022505
0.6387667829250301   	 -1.5091499480999429
0.6264808300144937   	 -1.500986895355515
0.6143526278161282   	 -1.4928848768851053
0.6023795315045232   	 -1.484843110570624
0.5905589517230674   	 -1.476860827378848
0.5788883531950944   	 -1.4689372710875672
0.5673652533754384   	 -1.4610716980185734
0.5559872211410659   	 -1.45326337677729
0.5447518755194913   	 -1.445511587998859
0.5336568844537357   	 -1.4378156241004865
0.5226999636026374   	 -1.4301747890398833
0.5118788751753561   	 -1.4225883980796106
0.5011914267989689   	 -1.415055777557174
0.4906354704180812   	 -1.4075762646606975
0.48020890122542975   	 -1.4001492072100243
0.46990965662247697   	 -1.392773963443083
0.45973571520904594   	 -1.3854499018073847
0.44968509580106764   	 -1.3781764007564978
0.4397558564755527   	 -1.3709528485513662
0.42994609364192765   	 -1.3637786430663354
0.4202539411389077   	 -1.35665319159976
0.4106775693561064   	 -1.3495759106890626
0.40121518437961196   	 -1.3425462259301257
0.3918650271607835   	 -1.335563571800896
0.3826253727075521   	 -1.32862739148909
0.3734945292975305   	 -1.3217371367238877
0.36447083771226274   	 -1.314892267611505
0.355552670491968   	 -1.3080922524745477
0.3467384312101529   	 -1.3013365676950392
0.3380265537674913   	 -1.2946246975610278
0.3294155017043851   	 -1.287956134116675
0.32090376753164923   	 -1.28133037701574
0.31248987207877094   	 -1.2747469333783636
0.3041723638592222   	 -1.2682053176510673
0.29594981845231544   	 -1.2617050514698873
0.28782083790111157   	 -1.2552456635265559
0.27978405012590724   	 -1.2488266894376556
0.2718381083528401   	 -1.2424476716166681
0.2639816905571708   	 -1.2361081591488432
0.2562134989208107   	 -1.2298077076688132
0.24853225930368122   	 -1.22354587924089
0.2409367207285035   	 -1.2173222422419658
0.23342565487862865   	 -1.2111363712469614
0.22599785560853466   	 -1.2049878469167519
0.2186521384666243   	 -1.1988762558885084
0.21138734022997377   	 -1.1928011906683977
0.20420231845068987   	 -1.1867622495265762
0.1970959510135473   	 -1.1807590363944265
0.19006713570458544   	 -1.1747911607639765
0.18311478979035645   	 -1.168858237589449
0.17623784960752514   	 -1.1629598871908913
0.16943527016252963   	 -1.1570957351598266
0.1627060247410237   	 -1.151265412266888
0.1560491045268272   	 -1.145468554371378
0.1494635182301218   	 -1.139704802332711
0.14294829172463636   	 -1.133973801923692
0.1365024676935748   	 -1.1282752037455888
0.13012510528404575   	 -1.12260866314495
0.12381527976976293   	 -1.1169738401321339
0.11757208222178962   	 -1.1113703993015016
0.11139461918710936   	 -1.1057980097532363
0.10528201237481111   	 -1.1002563450167522
0.09923339834968348   	 -1.094745082975652
0.09324792823301845   	 -1.0892639057942006
0.08732476741043216   	 -1.0838124998452752
0.08146309524651482   	 -1.0783905556397595
0.07566210480612823   	 -1.0729977677573503
0.06992100258217444   	 -1.0676338347787357
0.06423900822966494   	 -1.0622984592191262
0.05861535430592362   	 -1.0569913474630939
0.053049286016763106   	 -1.0517122097006986
0.04754006096847771   	 -1.0464607598648674
0.04208694892550136   	 -1.0412367155700009
0.03668923157358322   	 -1.0360397980517768
0.031346202288337906   	 -1.0308697321081244
0.026057165909031444   	 -1.0257262460413414
0.020821438517468215   	 -1.0206090716013336
0.015638347221847797   	 -1.0155179439299413
0.01050722994546461   	 -1.0104526015063395
0.005427435220126884   	 -1.00541278609348
0.00039832198417485255   	 -1.0003982426855564
-0.004580740615018343   	 -0.9954087194564668
-0.00951037341417629   	 -0.9904439677092528
-0.014391187422989529   	 -0.9855037418264939
-0.01922378400883334   	 -0.9805877992216369
-0.024008755077436956   	 -0.9756959002912362
-0.028746683249605266   	 -0.9708278083680905
-0.03343814203409115   	 -0.9659832896752498
-0.03808369599671391   	 -0.9611621132808826
-0.04268390092581657   	 -0.9563640510539733
-0.047239303994152285   	 -0.9515888776208429
-0.051750443917287524   	 -0.9468363703224677
-0.05621785110860735   	 -0.9421063091725824
-0.06064204783100582   	 -0.9373984768165502
-0.0650235483453421   	 -0.9327126584909823
-0.06936285905574086   	 -0.9280486419840923
-0.07366047865181315   	 -0.9234062175967701
-0.07791689824787217   	 -0.9187851781043574
-0.08213260151921618   	 -0.9141853187191136
-0.08630806483554898   	 -0.9096064370533568
-0.0904437573916058   	 -0.9050483330832605
-0.09454014133505212   	 -0.900510809113303
-0.09859767189171945   	 -0.8959936697413442
-0.10261679748824143   	 -0.8914967218243247
-0.10659795987215175   	 -0.8870197744445703
-0.11054159422950356   	 -0.8825626388766934
-0.11444812930006844   	 -0.8781251285550729
-0.11831798749017175   	 -0.873707059041906
-0.12215158498321957   	 -0.8693082479958194
-0.12594933184797089   	 -0.864928515141025
-0.12971163214460713   	 -0.8605676822370137
-0.13343888402865048   	 -0.8562255730487726
-0.13713147985278024   	 -0.8519020133175174
-0.14078980626659557   	 -0.847596830731928
-0.14441424431437208   	 -0.8433098548998794
-0.14800516953085768   	 -0.8390409173206541
-0.15156295203515271   	 -0.8347898513576303
-0.15508795662271802   	 -0.8305564922114352
-0.15858054285555287   	 -0.8263406768935523
-0.1620410651505849   	 -0.8221422442003756
-0.1654698728663116   	 -0.8179610346877024
-0.16886731038773317   	 -0.8137968906456535
-0.17223371720961497   	 -0.8096496560740145
-0.17556942801811679   	 -0.8055191766579902
-0.17887477277082528   	 -0.8014052997443611
-0.1821500767752252   	 -0.7973078743180387
-0.18539566076564432   	 -0.793226750979007
-0.18861184097870487   	 -0.7891617819196456
-0.1917989292273157   	 -0.7851128209024284
-0.194957232973236   	 -0.7810797232379857
-0.19808705539824267   	 -0.7770623457635266
-0.20118869547393203   	 -0.773060546821616
-0.2042624480301843   	 -0.7690741862392935
-0.20730860382232205   	 -0.7651031253075338
-0.21032744959698887   	 -0.7611472267610402
-0.2133192681567773   	 -0.7572063547583615
-0.21628433842363232   	 -0.753280374862332
-0.2192229355010571   	 -0.7493691540208242
-0.22213533073514646   	 -0.7454725605478093
-0.22502179177447296   	 -0.7415904641047201
-0.22788258262885072   	 -0.7377227356821114
-0.23071796372700024   	 -0.7338692475816109
-0.23352819197313737   	 -0.7300298733981544
-0.23631352080251042   	 -0.726204488002504
-0.23907420023590584   	 -0.7223929675240397
-0.24181047693314553   	 -0.7185951893338202
-0.24452259424559644   	 -0.714811032027911
-0.24721079226771303   	 -0.7110403754109705
-0.24987530788763318   	 -0.7072831004800932
-0.2525163748368466   	 -0.7035390894089018
-0.25513422373895595   	 -0.6998082255318867
-0.2577290821575485   	 -0.6960903933289864
-0.2603011746431969   	 -0.6923854784104055
-0.26285072277960797   	 -0.6886933675016654
-0.26537794522893565   	 -0.6850139484288832
-0.26788305777627597   	 -0.6813471101042757
-0.2703662733733606   	 -0.677692742511884
-0.2728278021814656   	 -0.6740507366935138
-0.2752678516135508   	 -0.6704209847348892
-0.2776866263756455   	 -0.6668033797520144
-0.28008432850749676   	 -0.6631978158777413
-0.28246115742249334   	 -0.6596041882485384
-0.2848173099468812   	 -0.656022392991457
-0.2871529803582846   	 -0.652452327211292
-0.28946836042354646   	 -0.6488938889779339
-0.29176363943590106   	 -0.6453469773139079
-0.29403900425149415   	 -0.6418114921820985
-0.29629463932526046   	 -0.6382873344736516
-0.29853072674617503   	 -0.6347744059960593
-0.3007474462718874   	 -0.6312726094614156
-0.3029449753627528   	 -0.627781848474846
-0.3051234892152711   	 -0.6243020275231034
-0.3072831607949468   	 -0.6208330519633329
-0.30942416086857877   	 -0.6173748280119967
-0.31154665803599335   	 -0.6139272627339605
-0.31365081876123013   	 -0.6104902640317367
-0.3157368074031919   	 -0.6070637406348827
-0.3178047862457681   	 -0.6036476020895502
-0.3198549155274432   	 -0.6002417587481845
-0.32188735347039926   	 -0.5968461217593706
-0.3239022563091221   	 -0.5934606030578238
-0.3258997783185212   	 -0.5900851153545205
-0.32788007184157203   	 -0.5867195721269709
-0.32984328731649115   	 -0.583363887609627
-0.33178957330345077   	 -0.5800179767844256
-0.3337190765108435   	 -0.5766817553714638
-0.3356319418211055   	 -0.5733551398198057
-0.337528312316105   	 -0.5700380472984149
-0.33940832930210585   	 -0.5667303956872157
-0.3412721323343139   	 -0.5634321035682758
-0.3431198592410126   	 -0.5601430902171113
-0.34495164614729806   	 -0.5568632755941121
-0.34676762749841794   	 -0.5535925803360844
-0.3485679360827247   	 -0.5503309257479091
-0.35035270305424726   	 -0.5470782337943133
-0.35212205795489127   	 -0.5438344270917552
-0.35387612873627133   	 -0.5405994289004173
-0.3556150417811859   	 -0.5373731631163098
-0.3573389219247381   	 -0.5341555542634784
-0.3590478924751098   	 -0.5309465274863189
-0.3607420752339973   	 -0.5277460085419929
-0.3624215905167117   	 -0.5245539237929466
-0.36408655717195204   	 -0.521370200199528
-0.36573709260125664   	 -0.5181947653127023
-0.36737331277813867   	 -0.5150275472668648
-0.3689953322669106   	 -0.5118684747727474
-0.37060326424120493   	 -0.5087174771104194
-0.372197220502195   	 -0.5055744841223792
-0.37377731149652205   	 -0.5024394262067378
-0.37534364633393336   	 -0.4993122343104896
-0.37689633280463775   	 -0.49619283992287166
-0.3784354773963812   	 -0.49308117506880905
-0.37996118531125034   	 -0.4899771723024445
-0.38147356048220576   	 -0.4868807647007513
-0.382972705589353   	 -0.4837918858572289
-0.38445872207595216   	 -0.4807104698756784
-0.3859317101641749   	 -0.4776364513640581
-0.3873917688706088   	 -0.4745697654284167
-0.3888389960215179   	 -0.47151034766690364
-0.39027348826785974   	 -0.46845813416385546
-0.3916953411000659   	 -0.4654130614839556
-0.39310464886258895   	 -0.4623750666664694
-0.39450150476821977   	 -0.4593440872195488
-0.39588600091217924   	 -0.4563200611146101
-0.397258228285989   	 -0.4533029267807808
-0.3986182767911239   	 -0.45029262309941537
-0.3999662352524506   	 -0.4472890893986782
-0.40130219143145557   	 -0.44429226544819433
-0.4026262320392664   	 -0.4413020914537651
-0.40393844274946955   	 -0.43831850805214795
-0.4052389082107286   	 -0.43534145630590104
-0.4065277120592054   	 -0.4323708776982895
-0.4078049369307883   	 -0.4294067141282532
-0.40907066447313034   	 -0.4264489079054362
-0.4103249753575006   	 -0.4234974017452748
-0.4115679492904516   	 -0.42055213876414516
-0.4127996650253062   	 -0.41761306247456814
-0.41402020037346704   	 -0.41468011678047206
-0.41522963221555065   	 -0.41175324597251045
-0.41642803651235033   	 -0.4088323947234359
-0.41761548831562945   	 -0.40591750808352794
-0.4187920617787489   	 -0.4030085314760746
-0.41995783016713034   	 -0.4001054106929063
-0.42111286586855956   	 -0.39720809188998246
-0.4222572404033305   	 -0.39431652158302855
-0.42339102443423415   	 -0.3914306466432232
-0.42451428777639383   	 -0.38855041429293613
-0.42562709940695065   	 -0.3856757721015138
-0.42672952747459897   	 -0.3828066679811129
-0.42782163930897776   	 -0.3799430501825826
-0.4289035014299168   	 -0.3770848672913915
-0.4299751795565427   	 -0.37423206822360194
-0.4310367386162447   	 -0.37138460222188885
-0.4320882427535046   	 -0.36854241885160327
-0.4331297553385917   	 -0.3657054679968795
-0.4341613389761239   	 -0.36287369985678536
-0.43518305551350017   	 -0.3600470649415154
-0.43619496604920316   	 -0.3572255140686254
-0.43719713094097584   	 -0.35440899835930817
-0.4381896098138734   	 -0.3515974692347106
-0.43917246156819184   	 -0.3487908784122891
-0.44014574438727766   	 -0.3459891779022065
-0.4411095157452165   	 -0.34319232000376565
-0.44206383241440605   	 -0.34040025730188267
-0.44300875047301347   	 -0.3376129426635969
-0.4439443253123185   	 -0.33483032923461836
-0.44487061164394615   	 -0.33205237043591135
-0.4457876635069877   	 -0.32927901996031383
-0.44669553427501396   	 -0.3265102317691927
-0.4475942766629826   	 -0.3237459600891335
-0.44848394273403797   	 -0.32098615940866354
-0.44936458390620954   	 -0.31823078447501113
-0.4502362509590065   	 -0.31547979029089523
-0.4510989940399126   	 -0.31273313211134945
-0.4519528626707821   	 -0.30999076544057863
-0.4527979057541365   	 -0.3072526460288455
-0.4536341715793667   	 -0.30451872986939016
-0.4544617078288392   	 -0.3017889731953796
-0.4552805615839093   	 -0.2990633324768876
-0.45609077933084163   	 -0.29634176441790455
-0.45689240696664024   	 -0.29362422595337656
-0.45768548980478924   	 -0.29091067424627365
-0.4584700725809045   	 -0.28820106668468615
-0.45924619945829914   	 -0.2854953608789496
-0.4600139140334625   	 -0.2827935146587966
-0.4607732593414549   	 -0.28009548607053647
-0.4615242778612193   	 -0.27740123337426137
-0.4622670115208096   	 -0.2747107150410787
-0.4630015017025394   	 -0.2720238897503698
-0.463727789248049   	 -0.26934071638707346
-0.4644459144632954   	 -0.26666115403899593
-0.4651559171234629   	 -0.2639851619941439
-0.4658578364777972   	 -0.26131269973808313
-0.46655171125436534   	 -0.25864372695132093
-0.46723757966473833   	 -0.2559782035067116
-0.46791547940860234   	 -0.2533160894668856
-0.46858544767829624   	 -0.25065734508170184
-0.469247521163277   	 -0.24800193078572175
-0.469901736054515   	 -0.2453498071957059
-0.47054812804881907   	 -0.2427009351081326
-0.4711867323530927   	 -0.24005527549673766
-0.4718175836885222   	 -0.2374127895100755
-0.47244071629469764   	 -0.23477343846910065
-0.473056163933667   	 -0.23213718386477014
-0.47366395989392523   	 -0.22950398735566555
-0.4742641369943393   	 -0.22687381076563548
-0.4748567275880079   	 -0.22424661608145668
-0.4754417635660592   	 -0.221622365450515
-0.4760192763613861   	 -0.21900102117850467
-0.47658929695231966   	 -0.21638254572714657
-0.47715185586624226   	 -0.2137669017119244
-0.4777069831831402   	 -0.21115405189983866
-0.47825470853909735   	 -0.2085439592071787
-0.47879506112973036   	 -0.20593658669731169
-0.4793280697135655   	 -0.20333189757848877
-0.4798537626153587   	 -0.20072985520166783
-0.4803721677293591   	 -0.1981304230583531
-0.4808833125225158   	 -0.19553356477845024
-0.48138722403763134   	 -0.1929392441281382
-0.48188392889645837   	 -0.19034742500775595
-0.4823734533027437   	 -0.18775807144970497
-0.4828558230452189   	 -0.1851711476163666
-0.48333106350053723   	 -0.1825866177980346
-0.48379919963615964   	 -0.18000444641086172
-0.48426025601318806   	 -0.17742459799482094
-0.48471425678914865   	 -0.17484703721168077
-0.485161225720723   	 -0.1722717288429939
-0.4856011861664316   	 -0.16969863778810018
-0.4860341610892656   	 -0.1671277290621419
-0.48646017305927125   	 -0.1645589677940931
-0.48687924425608503   	 -0.1619923192248008
-0.4872913964714214   	 -0.1594277487050396
-0.4876966511115124   	 -0.1568652216935776
-0.4880950291995014   	 -0.15430470375525568
-0.4884865513777893   	 -0.15174616055907747
-0.4888712379103353   	 -0.14918955787631155
-0.48924910868491167   	 -0.146634861578605
-0.4896201832153136   	 -0.14408203763610772
-0.48998448064352446   	 -0.14153105211560832
-0.4903420197418364   	 -0.13898187117868024
-0.4906928189149271   	 -0.13643446107983834
-0.4910368962018933   	 -0.13388878816470615
-0.4913742692782408   	 -0.13134481886819296
-0.49170495545783227   	 -0.1288025197126806
-0.4920289716947918   	 -0.1262618573062201
-0.4923463345853686   	 -0.12372279834073767
-0.49265706036975765   	 -0.12118530959024983
-0.49296116493388054   	 -0.1186493579090877
-0.4932586638111244   	 -0.11611491023012997
-0.4935495721840401   	 -0.11358193356304448
-0.49383390488600065   	 -0.11105039499253809
-0.4941116764028195   	 -0.10852026167661512
-0.49438290087432885   	 -0.10599150084484325
-0.4946475920959185   	 -0.10346407979662758
-0.49490576352003646   	 -0.10093796589949228
-0.49515742825764925   	 -0.09841312658736934
-0.4954025990796648   	 -0.0958895293588949
-0.495641288418317   	 -0.09336714177571244
-0.49587350836851135   	 -0.09084593146078265
-0.49609927068913384   	 -0.08832586609670019
-0.49631858680432167   	 -0.08580691342401679
-0.49653146780469654   	 -0.08328904123957051
-0.4967379244485619   	 -0.08077221739482131
-0.4969379671630617   	 -0.0782564097941922
-0.4971316060453044   	 -0.07574158639341644
-0.4973188508634483   	 -0.07322771519788994
-0.4974997110577536   	 -0.07071476426102934
-0.4976741957415947   	 -0.06820270168263481
-0.49784231370244086   	 -0.06569149560725834
-0.4980040734027969   	 -0.06318111422257641
-0.4981594829811122   	 -0.06067152575776751
-0.4983085502526522   	 -0.05816269848189414
-0.49845128271033445   	 -0.05565460070228881
-0.4985876875255317   	 -0.05314720076294449
-0.49871777154883806   	 -0.05064046704290875
-0.4988415413108016   	 -0.0481343679546817
-0.4989590030226221   	 -0.045628871942617555
-0.49907016257681375   	 -0.043123947481329535
-0.49917502554783466   	 -0.040619563074098045
-0.49927359719268116   	 -0.03811568725128186
-0.4993658824514487   	 -0.035612288568732296
-0.49945188594785767   	 -0.03310933560620996
-0.499531611989747   	 -0.030606796965804192
-0.4996050645695323   	 -0.028104641270354763
-0.49967224736463123   	 -0.025602837161875853
-0.4997331637378547   	 -0.023101353299982075
-0.49978781673776496   	 -0.020600158360316322
-0.4998362090989997   	 -0.018099221032979357
-0.499878343242563   	 -0.015598510020960943
-0.49991422127608276   	 -0.013097994038572312
-0.4999438449940347   	 -0.010597641809879876
-0.49996721587793325   	 -0.008097422067139946
-0.4999843350964888   	 -0.005597303549234342
-0.4999952035057322   	 -0.0030972550001066813
-0.4999998216491051   	 -0.0005972451671992415
-0.4999981897575188   	 0.001902757200109839
-0.4999903077493774   	 0.004402783352069135
-0.4999761752305704   	 0.0069028645401164775
-0.49995579149443015   	 0.009403032018441618
-0.4999291555216566   	 0.011903317045549193
-0.49989626598020953   	 0.014403750885822126
-0.49985712122516696   	 0.0169043648110857
-0.4998117192985493   	 0.019405190102172343
-0.4997600579291127   	 0.021906258050487484
-0.49970213453210666   	 0.0244075999595764
-0.4996379462089991   	 0.026909247146692464
-0.4995674897471685   	 0.029411230944366807
-0.49949076161956196   	 0.03191358270197958
-0.4994077579843194   	 0.034416333787333074
-0.49931847468436535   	 0.03691951558822672
-0.4992229072469655   	 0.039423159514034266
-0.4991210508832508   	 0.04192729699728333
-0.49901290048770675   	 0.044431959495237185
-0.4988984506376295   	 0.04693717849147949
-0.4987776955925469   	 0.04944298549750156
-0.4986506292936066   	 0.05194941205429274
-0.49851724536292896   	 0.054456489733933966
-0.49837753710292565   	 0.05696425014119452
-0.4982314974955845   	 0.05947272491513243
-0.49807911920171843   	 0.061981945730698346
-0.4979203945601807   	 0.06449194430034344
-0.497755315587045   	 0.06700275237563123
-0.4975838739747495   	 0.06951440174885357
-0.49740606109120744   	 0.07202692425465107
-0.49722186797888024   	 0.07454035177163801
-0.4970312853538169   	 0.07705471622403195
-0.4968343036046565   	 0.07957004958328841
-0.4966309127915948   	 0.08208638386974028
-0.4964211026453155   	 0.0846037511542428
-0.4962048625658842   	 0.08712218355982396
-0.4959821816216065   	 0.08964171326334021
-0.4957530485478494   	 0.09216237249713846
-0.4955174517458246   	 0.09468419355072355
-0.4952753792813364   	 0.09720720877243227
-0.4950268188834907   	 0.09973145057111367
-0.4947717579433672   	 0.10225695141781566
-0.494510183512653   	 0.10478374384747872
-0.49424208230223843   	 0.10731186046063626
-0.49396744068077486   	 0.10984133392512231
-0.49368624467319283   	 0.11237219697778622
-0.4933984799591819   	 0.11490448242621519
-0.4931041318716308   	 0.11743822315046427
-0.49280318539502926   	 0.1199734521047945
-0.49249562516382756   	 0.1225102023194188
-0.4921814354607581   	 0.12504850690225638
-0.4918606002151161   	 0.12758839904069574
-0.4915331030009981   	 0.13012991200336618
-0.49119892703550116   	 0.13267307914191814
-0.4908580551768794   	 0.13521793389281303
-0.4905104699226591   	 0.13776450977912186
-0.4901561534077114   	 0.14031284041233405
-0.48979508740228284   	 0.14286295949417518
-0.48942725330998227   	 0.14541490081843553
-0.4890526321657253   	 0.14796869827280804
-0.4886712046336344   	 0.15052438584073727
-0.488282951004895   	 0.15308199760327862
-0.48788785119556677   	 0.15564156774096835
-0.4874858847443513   	 0.15820313053570498
-0.48707703081031234   	 0.16076672037264164
-0.48666126817055183   	 0.16333237174209003
-0.4862385752178386   	 0.16590011924143622
-0.48580892995819136   	 0.1684699975770683
-0.4853723100084133   	 0.17104204156631614
-0.4849286925935803   	 0.173616286139404
-0.4844780545444797   	 0.1761927663414154
-0.4840203722950013   	 0.178771517334271
-0.48355562187947837   	 0.18135257439871977
-0.4830837789299803   	 0.18393597293634367
-0.48260481867355315   	 0.18652174847157552
-0.48211871592941086   	 0.18910993665373152
-0.48162544510607447   	 0.19170057325905712
-0.4811249801984596   	 0.19429369419278805
-0.4806172947849117   	 0.19688933549122575
-0.4801023620241874   	 0.19948753332382743
-0.47958015465238285   	 0.20208832399531204
-0.47905064497980804   	 0.2046917439477811
-0.47851380488780504   	 0.20729782976285566
-0.4779696058255122   	 0.20990661816382933
-0.47741801880657053   	 0.21251814601783722
-0.4768590144057749   	 0.21513245033804212
-0.4762925627556659   	 0.21774956828583694
-0.4757186335430646   	 0.22036953717306468
-0.4751371960055488   	 0.22299239446425598
-0.4745482189278679   	 0.22561817777888413
-0.47395167063829896   	 0.22824692489363824
-0.47334751900494076   	 0.23087867374471505
-0.47273573143194636   	 0.23351346243012885
-0.472116274855693   	 0.2361513292120415
-0.47148911574088787   	 0.23879231251910982
-0.47085422007661054   	 0.24143645094885502
-0.4702115533722896   	 0.24408378327005023
-0.4695610806536135   	 0.24673434842512895
-0.4689027664583752   	 0.24938818553261438
-0.46823657483224773   	 0.25204533388956907
-0.46756246932449336   	 0.2547058329740668
-0.4668804129836009   	 0.2573697224476847
-0.4661903683528544   	 0.26003704215801887
-0.46549229746582993   	 0.2627078321412214
-0.4647861618418202   	 0.26538213262456006
-0.4640719224811856   	 0.2680599840290018
-0.4633495398606316   	 0.2707414269718187
-0.46261897392841056   	 0.27342650226921866
-0.4618801840994467   	 0.27611525093899925
-0.4611331292503857   	 0.2788077142032274
-0.4603777677145634   	 0.2815039334909429
-0.4596140572768968   	 0.2842039504408875
-0.45884195516869386   	 0.2869078069042605
-0.45806141806238143   	 0.28961554494749936
-0.4572724020661512   	 0.2923272068550881
-0.4564748627185203   	 0.2950428351323916
-0.4556687549828072   	 0.2977624725085175
-0.45485403324152246   	 0.30048616193920696
-0.4540306512906692   	 0.30321394660975204
-0.4531985623339575   	 0.30594586993794337
-0.45235771897692595   	 0.308681975577046
-0.4515080732209736   	 0.3114223074188051
-0.45064957645729814   	 0.3141669095964817
-0.4497821794607397   	 0.31691582648791905
-0.44890583238352966   	 0.3196691027186404
-0.44802048474894235   	 0.3224267831649774
-0.4471260854448471   	 0.3251889129572311
-0.4462225827171623   	 0.3279555374828655
-0.44530992416320636   	 0.3307267023897336
-0.444388056724946   	 0.3335024535893372
-0.44345692668214143   	 0.33628283726012115
-0.44251647964538343   	 0.3390678998508015
-0.44156666054902405   	 0.3418576880837288
-0.44060741364399736   	 0.34465224895828733
-0.43963868249052973   	 0.3474516297543307
-0.43866040995073674   	 0.3502558780356534
-0.43767253818110613   	 0.35306504165350017
-0.4366750086248642   	 0.3558791687501133
-0.4356677620042246   	 0.3586983077623183
-0.4346507383125167   	 0.3615225074251486
-0.4336238768061928   	 0.3643518167755095
-0.4325871159967111   	 0.3671862851558833
-0.43154039364229385   	 0.37002596221807493
-0.430483646739557   	 0.3728708979269982
-0.42941681151501115   	 0.37572114256450584
-0.4283398234164302   	 0.37857674673326114
-0.4272526171040865   	 0.3814377613606535
-0.42615512644185083   	 0.3843042377027587
-0.4250472844881524   	 0.38717622734834223
-0.42392902348680106   	 0.39005378222291076
-0.42280027485766497   	 0.3929369545928076
-0.42166096918720447   	 0.39582579706935617
-0.42051103621885844   	 0.39872036261305127
-0.41935040484328123   	 0.4016207045377983
-0.4181790030884272   	 0.40452687651520214
-0.4169967581094813   	 0.4074389325789052
-0.4158035961786315   	 0.4103569271289775
-0.4145994426746838   	 0.41328091493635716
-0.41338422207251174   	 0.4162109511473436
-0.41215785793234416   	 0.419147091288144
-0.4109202728888826   	 0.4220893912694736
-0.4096713886402501   	 0.425037907391211
-0.40841112593676554   	 0.42799269634710924
-0.40713940456954206   	 0.4309538152295624
-0.40585614335890613   	 0.4339213215344316
-0.40456126014263477   	 0.43689527316592747
-0.4032546717640065   	 0.43987572844155326
-0.40193629405966463   	 0.44286274609710696
-0.40060604184728904   	 0.445856385291746
-0.3992638289130718   	 0.4488567056131126
-0.3979095679989957   	 0.45186376708252307
-0.39654317078991047   	 0.45487763016022154
-0.3951645479004038   	 0.45789835575069776
-0.3937736088614641   	 0.46092600520807225
-0.3923702621069306   	 0.4639606403415474
-0.3909544149597274   	 0.4670023234209282
-0.3895259736178776   	 0.4700511171822113
-0.3880848431402944   	 0.4731070848332449
-0.3866309274323445   	 0.4761702900594606
-0.38516412923117965   	 0.47924079702967776
-0.3836843500908326   	 0.4823186704019809
-0.38219149036707445   	 0.48540397532967433
-0.3806854492020263   	 0.48849677746731074
-0.3791661245085243   	 0.49159714297679896
-0.37763341295423075   	 0.4947051385335901
-0.37608720994548867   	 0.49782083133294314
-0.3745274096109148   	 0.500944289096273
-0.37295390478472534   	 0.5040755800775805
-0.3713665869897912   	 0.5072147730699667
-0.3697653464204166   	 0.510361937412232
-0.36815007192483695   	 0.5135171429955636
-0.3665206509874304   	 0.5166804602703097
-0.3648769697106379   	 0.5198519602528439
-0.36321891279658625   	 0.52303171453252
-0.3615463635284101   	 0.5262197952787216
-0.3598592037512653   	 0.5294162752480034
-0.35815731385302874   	 0.5326212277913288
-0.35644057274468083   	 0.5358347268614067
-0.35470885784036116   	 0.5390568470201242
-0.3529620450370942   	 0.5422876634460826
-0.35120000869417783   	 0.5455272519422328
-0.34942262161222876   	 0.548775688943618
-0.3476297550118775   	 0.5520330515252186
-0.34582127851210837   	 0.5552994174099078
-0.34399706010823516   	 0.558574864976513
-0.342156966149508   	 0.5618594732679908
-0.3403008613163435   	 0.5651533219997145
-0.33842860859717105   	 0.5684564915678753
-0.3365400692648877   	 0.5717690630580011
-0.3346351028529152   	 0.5750911182535945
-0.33271356713085026   	 0.5784227396448892
-0.33077531807970234   	 0.5817640104377334
-0.3288202098667083   	 0.5851150145625931
-0.32684809481971794   	 0.588475836683686
-0.324858823401142   	 0.5918465622082433
-0.32285224418145314   	 0.595227277295903
-0.32082820381223176   	 0.5986180688682364
-0.31878654699874837   	 0.6020190246184112
-0.3167271164720732   	 0.6054302330209927
-0.31464975296070297   	 0.6088517833418854
-0.312554295161697   	 0.6122837656484172
-0.3104405797113121   	 0.615726270819571
-0.3083084411551258   	 0.6191793905563625
-0.30615771191763963   	 0.6226432173923689
-0.30398822227135053   	 0.6261178447044126
-0.3017998003052809   	 0.6296033667233986
-0.29959227189295573   	 0.6330998785453119
-0.2973654606598166   	 0.6366074761423767
-0.29511918795006126   	 0.6401262563743794
-0.2928532727928962   	 0.6436563170001579
-0.2905675318681924   	 0.6471977566892637
-0.2882617794715303   	 0.6507506750337945
-0.2859358274786234   	 0.6543151725604054
-0.28358948530910616   	 0.6578913507424975
-0.2812225598896752   	 0.6614793120125902
-0.27883485561656945   	 0.6650791597748806
-0.2764261743173761   	 0.6686909984179896
-0.2739963152121487   	 0.6723149333279029
-0.2715450748738232   	 0.6759510709011072
-0.26907224718791783   	 0.6795995185579257
-0.2665776233115017   	 0.6832603847560581
-0.2640609916314172   	 0.686933779004327
-0.26152213772174104   	 0.6906198118766346
-0.25896084430046745   	 0.6943185950261342
-0.2563768911853985   	 0.6980302411996223
-0.25377005524922386   	 0.7017548642521493
-0.2511401103737733   	 0.7054925791618599
-0.24848682740342612   	 0.7092435020450647
-0.24580997409765665   	 0.7130077501715439
-0.24310931508270123   	 0.7167854419800932
-0.24038461180232545   	 0.7205766970943128
-0.23763562246767392   	 0.7243816363386445
-0.23486210200618227   	 0.728200381754662
-0.23206380200953253   	 0.7320330566176194
-0.2292404706806303   	 0.7358797854532624
-0.2263918527795833   	 0.7397406940549056
-0.22351768956865992   	 0.7436159095007855
-0.22061771875620587   	 0.7475055601716875
-0.21769167443949597   	 0.7514097757688597
-0.2147392870464985   	 0.7553286873322124
-0.21176028327652835   	 0.7592624272588124
-0.2087543860397647   	 0.7632111293216776
-0.20572131439560895   	 0.7671749286888762
-0.20266078348985608   	 0.7711539619429364
-0.19957250449065594   	 0.7751483671005751
-0.1964561845232348   	 0.7791582836327484
-0.1933115266033523   	 0.7831838524850313
-0.1901382295694645   	 0.7872252160983355
-0.18693598801356465   	 0.7912825184299667
-0.1837044922106722   	 0.7953559049750342
-0.1804434280469401   	 0.7994455227882133
-0.17715247694634897   	 0.8035515205058739
-0.1738313157959572   	 0.8076740483685765
-0.17047961686967347   	 0.8118132582439467
-0.16709704775051928   	 0.815969303649936
-0.1636832712513467   	 0.820142339778472
-0.16023794533397667   	 0.824332523519512
-0.15676072302672117   	 0.828540013485503
-0.15325125234025375   	 0.8327649700362597
-0.1497091761817886   	 0.8370075553042653
-0.14613413226753164   	 0.841267933220408
-0.1425257530333613   	 0.8455462695401579
-0.13888366554370074   	 0.8498427318701964
-0.13520749139853716   	 0.8541574896955045
-0.1314968466385469   	 0.8584907144069215
-0.12775134164828142   	 0.8628425793291828
-0.12397058105736872   	 0.8672132597494476
-0.12015416363968418   	 0.8716029329463226
-0.11630168221044282   	 0.8760117782193996
-0.11241272352116373   	 0.8804399769193085
-0.10848686815245676   	 0.8848877124783046
-0.10452369040457955   	 0.8893551704413939
-0.10052275818571195   	 0.8938425384980154
-0.09648363289789325   	 0.8983500065142835
-0.0924058693205665   	 0.9028777665658109
-0.08828901549167216   	 0.9074260129711157
-0.08413261258623227   	 0.9119949423256334
-0.0799361947923645   	 0.9165847535363388
-0.07569928918466383   	 0.921195647856997
-0.07142141559488775   	 0.9258278289240526
-0.06710208647987942   	 0.9304815027931728
-0.06274080678666114   	 0.9351568779764591
-0.058337073814628757   	 0.9398541654803378
-0.053890377074775765   	 0.9445735788441515
-0.049400198145873646   	 0.9493153341794563
-0.04486601052753324   	 0.9540796502100509
-0.04028727949006963   	 0.9588667483127469
-0.03566346192109085   	 0.963676852558895
-0.030994006168728737   	 0.9685101897566917
-0.02627835188142755   	 0.9733669894942732
-0.021515929844204   	 0.9782474841836252
-0.016706161811289425   	 0.9831519091053128
-0.011848460335062844   	 0.9880805024540633
-0.006942228591180547   	 0.9930335053852104
-0.001986860199805388   	 0.9980111620620228
0.003018260957163811   	 1.003013719703937
0.00807376092296531   	 1.0080414286357136
0.013180275857055432   	 1.0130945423375406
0.01833845223050601   	 1.018173317496099
0.02354894702583005   	 1.02327801405662
0.02881242794135047   	 1.0284088952759505
0.03412957360023048   	 1.0335662277766533
0.03950107376428712   	 1.0387502816021636
0.044927629552713684   	 1.0439613302730266
0.050409953665839974   	 1.0491996508442423
0.05594877061406328   	 1.0544655239637408
0.06154481695208737   	 1.0597592339320165
0.06719884151861   	 1.0650810687629464
0.0729116056816046   	 1.07043132024582
0.07868388358934571   	 1.0758102840086126
0.08451646242733195   	 1.0812182595825248
0.09041014268126585   	 1.0866555504678248
0.09636573840625388   	 1.0921224642010197
0.10238407750239523   	 1.0976193124233877
0.10846600199693333   	 1.1031464109509066
0.11461236833314929   	 1.1087040798456091
0.1208240476661816   	 1.1142926434883984
0.12710192616596275   	 1.1199124306533639
0.1334469053274688   	 1.125563774583625
0.13985990228848477   	 1.1312470130687504
0.14634185015509343   	 1.1369624885237801
0.15289369833510427   	 1.1427105480698987
0.15951641287964363   	 1.1484915436167944
0.16621097683313474   	 1.154305831946746
0.1729783905919053   	 1.1601537748004833
0.17981967227166495   	 1.1660357389648612
0.1867358580841052   	 1.1719520963623942
0.19372800272288054   	 1.177903224142697
0.20079717975924014   	 1.1838895047758806
0.2079444820475846   	 1.1899113261479486
0.21517102214123562   	 1.1959690816582473
0.2224779327187121   	 1.2020631703190245
0.22986636702081698   	 1.2081939968571414
0.2373374992988501   	 1.2143619718179997
0.2448925252742711   	 1.2205675116717396
0.2525326626101487   	 1.226811038921764
0.26025915139474104   	 1.2330929822156487
0.26807325463756815   	 1.2394137764585063
0.275976258778343   	 1.2457738629288566
0.2839694742091465   	 1.2521736893970792
0.2920542358102398   	 1.2586137102465076
0.3002319034999235   	 1.26509438659724
0.30850386279886505   	 1.271616186432734
0.316871525409332   	 1.27817958472926
0.32533632980978205   	 1.284785063588289
0.33389974186527743   	 1.2914331123718932
0.3425632554542062   	 1.2981242278412386
0.35132839311180936   	 1.3048589142982543
0.3601967066910337   	 1.3116376837305594
0.36916977804124174   	 1.318461055959744
0.3782492197053344   	 1.3253295587930833
0.3874366756358593   	 1.3322437281787889
0.396733821930697   	 1.3392041083648878
0.4061423675889404   	 1.3462112520618303
0.415664055287602   	 1.353265720608929
0.42530066217980783   	 1.3603680841447345
0.4350540007151604   	 1.3675189217814578
0.4449259194829771   	 1.3747188217835509
0.45491830407913436   	 1.3819683817505628
0.46503307799727767   	 1.3892682088043888
0.47527220354518346   	 1.3966189197810428
0.48563768278708375   	 1.4040211414270685
0.49613155851280316   	 1.4114755106007353
0.5067559152345789   	 1.418982674478148
0.5175128802124727   	 1.4265432907644078
0.5284046245093174   	 1.4341580279099773
0.5394333640761708   	 1.4418275653323949
0.5506013608692932   	 1.449552593643496
0.5619109239996957   	 1.4573338148822979
0.5733644109163505   	 1.4651719427537169
0.5849642286241963   	 1.4730677028732906
0.5967128349381086   	 1.4810218330180744
0.6086127397740585   	 1.4890350833839063
0.6206665064787231   	 1.4971082168492185
0.6328767531988603   	 1.5052420092455965
0.6452461542918176   	 1.5134372496352912
0.6577774417785879   	 1.5216947405958845
0.6704734068408882   	 1.5300152985123308
0.6833369013637919   	 1.5383997538766003
0.6963708395255043   	 1.5468489515951478
0.7095781994359371   	 1.5553637513044574
0.7229620248257975   	 1.563945027694898
0.736525426787984   	 1.5725936708431612
0.7502715855731469   	 1.5813105865535377
0.7642037524413444   	 1.590096696708313
0.7783252515718097   	 1.598952939627561
0.7926394820329203   	 1.607880270438642
0.8071499198145516   	 1.616879661455701
0.8218601199250767   	 1.6259521025694923
0.8367737185553789   	 1.6350986016478508
0.851894435312334   	 1.6443201849471616
0.8672260755243206   	 1.6536178975351714
0.8827725326214261   	 1.662992803725516
0.8985377905931295   	 1.6724459875243383
0.9145259265263539   	 1.681978553089399
0.9307411132269061   	 1.6915916252020793
0.9471876219274521   	 1.701286349752711
0.9638698250853043   	 1.7110638942396652
0.9807921992734452   	 1.7209254482826646
0.9979593281683509   	 1.73087222415079
1.01537590563834   	 1.7409054573056748
1.0330467389363314   	 1.7510264069604042
1.0509767520010622   	 1.761236356654644
1.0691709888709964   	 1.7715366148465552
1.0876346172153504   	 1.7819285155220734
1.106372931986836   	 1.79241341882214
1.1253913592009521   	 1.802992711688515
1.1446954598468535   	 1.8136678085288132
1.1642909339350593   	 1.8244401519014315
1.1841836246875053   	 1.835311213221074
1.2043795228756782   	 1.846282493485587
1.224884771312858   	 1.8573555240248745
1.245705669506747   	 1.8685318672726707
1.2668486784790636   	 1.8798131175619899
1.2883204257589869   	 1.8912009019451037
1.3101277105576594   	 1.9026968810389422
1.3322775091312793   	 1.9143027498968284
1.3547769803406857   	 1.9260202389075178
1.3776334714157112   	 1.9378511147225481
1.4008545239329586   	 1.9497971812129375
1.4244478800160816   	 1.9618602804563232
1.4484214887680902   	 1.9740422937556785
1.4727835129456546   	 1.9863451426907937
1.4975423358858677   	 1.998770790203753
1.5227065686964418   	 2.0113212417197017
1.548285057720844   	 2.023998546304243
1.5742868922904645   	 2.036804797858874
1.6007214127764895   	 2.0497421363559316
1.6275982189547986   	 2.062812749114567
1.6549271786978696   	 2.0760188721193598
1.6827184370083867   	 2.089362791383242
1.7109824254099837   	 2.102846844356471
1.7397298717113596   	 2.116473421383486
1.7689718101608203   	 2.1302449672095554
1.7987195920091947   	 2.1441639825392063
1.8289848965000046   	 2.1582330256485305
1.859779742306746   	 2.17245471405355
1.8911164994382053   	 2.186831726236935
1.9230079016338073   	 2.2013668034354508
1.9554670592722112   	 2.2160627514906754
1.9885074728175525   	 2.2309224427655714
2.0221430468291066   	 2.245948818129704
2.0563881045615013   	 2.2611448890159607
2.091257403184102   	 2.276513739551818
2.1267661496497605   	 2.2920585287683037
2.162930017244797   	 2.307782492890002
2.1997651628538253   	 2.323688947709579
2.2372882449749425   	 2.3397812910504876
2.2755164425227816   	 2.356063005321709
2.314467474459051   	 2.3725376601685593
2.3541596202924486   	 2.3892089152238016
2.3946117414922186   	 2.4060805229635265
