Tabla del radio en funcion del angulo para trayectoria parabolica de perihelio 0.75 UA:
   Angulo [rad]				 Radio [UA]
-2.356194490192345			5.121320343559641
-2.351194490192345			5.060087240525314
-2.346194490192345			5.000007936359106
-2.341194490192345			4.941053710012281
-2.3361944901923453			4.8831967292280645
-2.3311944901923454			4.8264100177419476
-2.3261944901923455			4.770667423885514
-2.3211944901923456			4.715943590525616
-2.3161944901923457			4.6622139262743625
-2.311194490192346			4.609454577908886
-2.306194490192346			4.557642403943136
-2.301194490192346			4.50675494929706
-2.296194490192346			4.456770421011356
-2.2911944901923462			4.407667664958804
-2.2861944901923463			4.359426143505678
-2.2811944901923464			4.312025914079235
-2.2761944901923465			4.265447608599484
-2.2711944901923466			4.219672413735659
-2.2661944901923468			4.174682051949803
-2.261194490192347			4.130458763291822
-2.256194490192347			4.086985287912132
-2.251194490192347			4.044244849259778
-2.246194490192347			4.00222113793547
-2.2411944901923473			3.96089829617053
-2.2361944901923474			3.9202609029041806
-2.2311944901923475			3.8802939594329438
-2.2261944901923476			3.8409828756072346
-2.2211944901923477			3.8023134565514223
-2.216194490192348			3.7642718898848027
-2.211194490192348			3.7268447334219936
-2.206194490192348			3.6900189033323274
-2.201194490192348			3.6537816627387336
-2.1961944901923482			3.618120610737612
-2.1911944901923484			3.5830236718219868
-2.1861944901923485			3.5484790856911177
-2.1811944901923486			3.5144753974305174
-2.1761944901923487			3.481001448047058
-2.171194490192349			3.4480463653445774
-2.166194490192349			3.4155995551260525
-2.161194490192349			3.383650692709046
-2.156194490192349			3.352189714741756
-2.151194490192349			3.321206811307543
-2.1461944901923493			3.29069241830638
-2.1411944901923494			3.26063721010218
-2.1361944901923495			3.2310320924254454
-2.1311944901923496			3.2018681955211643
-2.1261944901923497			3.17313686753231
-2.12119449019235			3.1448296681097263
-2.11619449019235			3.11693836223961
-2.11119449019235			3.0894549142801315
-2.10619449019235			3.062371482199165
-2.1011944901923503			3.0356804120053993
-2.0961944901923504			3.009374232365444
-2.0911944901923505			2.9834456493998744
-2.0861944901923506			2.957887541651452
-2.0811944901923507			2.932692955219026
-2.076194490192351			2.907855099050924
-2.071194490192351			2.883367340391883
-2.066194490192351			2.859223200377818
-2.061194490192351			2.835416349772973
-2.0561944901923512			2.8119406048442186
-2.0511944901923513			2.78878992336747
-2.0461944901923514			2.7659584007614257
-2.0411944901923516			2.7434402663439905
-2.0361944901923517			2.7212298797069763
-2.0311944901923518			2.699321727204808
-2.026194490192352			2.6777104185531644
-2.021194490192352			2.6563906835336457
-2.016194490192352			2.635357368800694
-2.011194490192352			2.6146054347871646
-2.0061944901923523			2.594129952705074
-2.0011944901923524			2.573926101638211
-1.9961944901923525			2.553989165723377
-1.9911944901923526			2.534314531417218
-1.9861944901923527			2.5148976848456686
-1.9811944901923528			2.4957342092331634
-1.976194490192353			2.4768197824089064
-1.971194490192353			2.458150174387545
-1.9661944901923532			2.4397212450217407
-1.9611944901923533			2.4215289417241923
-1.9561944901923534			2.4035692972567846
-1.9511944901923535			2.385838427584601
-1.9461944901923536			2.3683325297926414
-1.9411944901923537			2.351047880063158
-1.9361944901923538			2.3339808317115986
-1.931194490192354			2.317127813279237
-1.926194490192354			2.3004853266806036
-1.921194490192354			2.284049945403956
-1.9161944901923542			2.2678183127630342
-1.9111944901923543			2.2517871401984535
-1.9061944901923544			2.235953205627122
-1.9011944901923545			2.2203133518381444
-1.8961944901923546			2.2048644849337156
-1.8911944901923547			2.189603572813569
-1.8861944901923549			2.1745276437016017
-1.881194490192355			2.1596337847133293
-1.876194490192355			2.144919140462892
-1.8711944901923552			2.130380911708362
-1.8661944901923553			2.1160163540341594
-1.8611944901923554			2.101822776569418
-1.8561944901923555			2.0877975407411755
-1.8511944901923556			2.073938059061328
-1.8461944901923557			2.060241793946296
-1.8411944901923558			2.0467062565683944
-1.836194490192356			2.033329005737952
-1.831194490192356			2.0201076468152293
-1.8261944901923561			2.007039830651237
-1.8211944901923562			1.9941232525565777
-1.8161944901923563			1.9813556512974737
-1.8111944901923565			1.9687348081181564
-1.8061944901923566			1.9562585457888333
-1.8011944901923567			1.943924727678473
-1.7961944901923568			1.9317312568516671
-1.7911944901923569			1.9196760751888609
-1.786194490192357			1.9077571625292602
-1.781194490192357			1.8959725358357562
-1.7761944901923572			1.884320248381216
-1.7711944901923573			1.872798388955522
-1.7661944901923574			1.8614050810927554
-1.7611944901923575			1.8501384823179432
-1.7561944901923576			1.838996783412802
-1.7511944901923577			1.8279782076999365
-1.7461944901923578			1.8170810103449608
-1.741194490192358			1.8063034776760347
-1.736194490192358			1.795643926520321
-1.7311944901923582			1.7851007035568782
-1.7261944901923583			1.7746721846855347
-1.7211944901923584			1.7643567744112876
-1.7161944901923585			1.7541529052437945
-1.7111944901923586			1.7440590371115356
-1.7061944901923587			1.7340736567902408
-1.7011944901923588			1.7241952773451827
-1.696194490192359			1.7144224375869546
-1.691194490192359			1.7047537015403622
-1.6861944901923591			1.6951876579260685
-1.6811944901923592			1.6857229196546444
-1.6761944901923593			1.6763581233326845
-1.6711944901923594			1.667091928780664
-1.6661944901923595			1.6579230185622165
-1.6611944901923597			1.6488500975245253
-1.6561944901923598			1.6398718923495277
-1.6511944901923599			1.6309871511156482
-1.64619449019236			1.6221946428697722
-1.64119449019236			1.6134931572091924
-1.6361944901923602			1.6048815038732616
-1.6311944901923603			1.5963585123444974
-1.6261944901923604			1.5879230314588852
-1.6211944901923605			1.5795739290251447
-1.6161944901923606			1.5713100914527165
-1.6111944901923607			1.5631304233882521
-1.6061944901923608			1.5550338473603746
-1.601194490192361			1.547019303432507
-1.596194490192361			1.5390857488635472
-1.5911944901923611			1.5312321577762023
-1.5861944901923613			1.5234575208327716
-1.5811944901923614			1.515760844918197
-1.5761944901923615			1.5081411528301902
-1.5711944901923616			1.5005974829762623
-1.5661944901923617			1.4931288890774723
-1.5611944901923618			1.4857344398787355
-1.556194490192362			1.4784132188655157
-1.551194490192362			1.47116432398675
-1.546194490192362			1.4639868673838445
-1.5411944901923622			1.4568799751255923
-1.5361944901923623			1.4498427869488633
-1.5311944901923624			1.4428744560049291
-1.5261944901923625			1.4359741486112751
-1.5211944901923626			1.4291410440087715
-1.5161944901923627			1.4223743341240689
-1.5111944901923628			1.415673223337089
-1.506194490192363			1.4090369282534914
-1.501194490192363			1.4024646774819869
-1.4961944901923632			1.3959557114163885
-1.4911944901923633			1.38950928202228
-1.4861944901923634			1.383124652628192
-1.4811944901923635			1.3768010977211755
-1.4761944901923636			1.3705379027466766
-1.4711944901923637			1.3643343639125913
-1.4661944901923638			1.3581897879974216
-1.461194490192364			1.3521034921624209
-1.456194490192364			1.346074803767638
-1.4511944901923641			1.3401030601917723
-1.4461944901923642			1.3341876086557445
-1.4411944901923643			1.3283278060498973
-1.4361944901923644			1.3225230187647425
-1.4311944901923646			1.3167726225251708
-1.4261944901923647			1.3110760022280437
-1.4211944901923648			1.3054325517830894
-1.4161944901923649			1.2998416739570242
-1.411194490192365			1.2943027802208296
-1.406194490192365			1.2888152906001065
-1.4011944901923652			1.2833786335284418
-1.3961944901923653			1.2779922457037136
-1.3911944901923654			1.272655571947271
-1.3861944901923655			1.267368065065923
-1.3811944901923656			1.2621291857166705
-1.3761944901923657			1.2569384022741226
-1.3711944901923658			1.2517951907005327
-1.366194490192366			1.2466990344184004
-1.361194490192366			1.2416494241855776
-1.3561944901923662			1.2366458579728248
-1.3511944901923663			1.231687840843762
-1.3461944901923664			1.2267748848371622
-1.3411944901923665			1.2219065088515337
-1.3361944901923666			1.2170822385319426
-1.3311944901923667			1.2123016061590266
-1.3261944901923668			1.2075641505401462
-1.321194490192367			1.202869416902636
-1.316194490192367			1.1982169567891021
-1.3111944901923671			1.1936063279547235
-1.3061944901923672			1.1890370942665167
-1.3011944901923673			1.1845088256045166
-1.2961944901923674			1.1800210977648342
-1.2911944901923675			1.1755734923645516
-1.2861944901923676			1.1711655967484143
-1.2811944901923678			1.1667970038972804
-1.2761944901923679			1.1624673123382905
-1.271194490192368			1.1581761260567238
-1.266194490192368			1.1539230544094998
-1.2611944901923682			1.149707712040294
-1.2561944901923683			1.1455297187962343
-1.2511944901923684			1.1413886996461413
-1.2461944901923685			1.1372842846002815
-1.2411944901923686			1.1332161086316053
-1.2361944901923687			1.1291838115984305
-1.2311944901923688			1.1251870381685503
-1.226194490192369			1.1212254377447302
-1.221194490192369			1.1172986643915659
-1.2161944901923691			1.1134063767636773
-1.2111944901923692			1.1095482380352046
-1.2061944901923694			1.105723915830588
-1.2011944901923695			1.1019330821565965
-1.1961944901923696			1.098175413335586
-1.1911944901923697			1.094450589939959
-1.1861944901923698			1.0907582967278016
-1.1811944901923699			1.087098222579674
-1.17619449019237			1.0834700604365317
-1.17119449019237			1.0798735072387549
-1.1661944901923702			1.07630826386626
-1.1611944901923703			1.0727740350796784
-1.1561944901923704			1.069270529462573
-1.1511944901923705			1.0657974593646804
-1.1461944901923706			1.0623545408461483
-1.1411944901923707			1.058941493622759
-1.1361944901923708			1.0555580410121093
-1.131194490192371			1.0522039098807374
-1.126194490192371			1.0488788305921688
-1.1211944901923712			1.045582536955871
-1.1161944901923713			1.0423147661770933
-1.1111944901923714			1.0390752588075798
-1.1061944901923715			1.035863758697132
-1.1011944901923716			1.03268001294601
-1.0961944901923717			1.0295237718581547
-1.0911944901923718			1.026394788895212
-1.086194490192372			1.0232928206313479
-1.081194490192372			1.0202176267088352
-1.0761944901923721			1.017168969794401
-1.0711944901923722			1.0141466155363168
-1.0661944901923723			1.0111503325222184
-1.0611944901923724			1.008179892237642
-1.0561944901923725			1.0052350690252632
-1.0511944901923727			1.0023156400448239
-1.0461944901923728			0.9994213852337346
-1.0411944901923729			0.9965520872683417
-1.036194490192373			0.9937075315258425
-1.031194490192373			0.9908875060468411
-1.0261944901923732			0.9880918014985292
-1.0211944901923733			0.9853202111384812
-1.0161944901923734			0.9825725307790529
-1.0111944901923735			0.979848558752373
-1.0061944901923736			0.977148095875913
-1.0011944901923737			0.974470945418629
-0.9961944901923737			0.9718169130676633
-0.9911944901923737			0.9691858068955931
-0.9861944901923737			0.9665774373282211
-0.9811944901923737			0.9639916171128928
-0.9761944901923737			0.9614281612873352
-0.9711944901923737			0.9588868871490039
-0.9661944901923737			0.9563676142249324
-0.9611944901923737			0.9538701642420719
-0.9561944901923737			0.9513943610981149
-0.9511944901923737			0.948940030832792
-0.9461944901923737			0.9465070015996341
-0.9411944901923737			0.9440951036381925
-0.9361944901923737			0.9417041692467074
-0.9311944901923737			0.939334032755217
-0.9261944901923737			0.9369845304990999
-0.9211944901923736			0.9346555007930434
-0.9161944901923736			0.9323467839054281
-0.9111944901923736			0.9300582220331245
-0.9061944901923736			0.9277896592766913
-0.9011944901923736			0.9255409416159704
-0.8961944901923736			0.9233119168860716
-0.8911944901923736			0.9211024347537377
-0.8861944901923736			0.9189123466940868
-0.8811944901923736			0.9167415059677232
-0.8761944901923736			0.9145897675982105
-0.8711944901923736			0.9124569883499012
-0.8661944901923736			0.9103430267061166
-0.8611944901923736			0.9082477428476703
-0.8561944901923736			0.9061709986317311
-0.8511944901923736			0.9041126575710164
-0.8461944901923736			0.9020725848133141
-0.8411944901923736			0.900050647121324
-0.8361944901923736			0.8980467128528166
-0.8311944901923736			0.8960606519411004
-0.8261944901923736			0.8940923358757956
-0.8211944901923736			0.8921416376839072
-0.8161944901923736			0.8902084319111919
-0.8111944901923736			0.8882925946038175
-0.8061944901923735			0.8863940032903044
-0.8011944901923735			0.8845125369637491
-0.7961944901923735			0.8826480760643226
-0.7911944901923735			0.8808005024620406
-0.7861944901923735			0.8789696994397995
-0.7811944901923735			0.877155551676674
-0.7761944901923735			0.8753579452314745
-0.7711944901923735			0.8735767675265557
-0.7661944901923735			0.8718119073318766
-0.7611944901923735			0.8700632547493045
-0.7561944901923735			0.8683307011971605
-0.7511944901923735			0.8666141393950042
-0.7461944901923735			0.8649134633486488
-0.7411944901923735			0.8632285683354093
-0.7361944901923735			0.8615593508895741
-0.7311944901923735			0.8599057087881016
-0.7261944901923735			0.8582675410365334
-0.7211944901923735			0.8566447478551247
-0.7161944901923735			0.855037230665186
-0.7111944901923735			0.853444892075633
-0.7061944901923735			0.8518676358697429
-0.7011944901923735			0.8503053669921125
-0.6961944901923734			0.8487579915358143
-0.6911944901923734			0.8472254167297499
-0.6861944901923734			0.8457075509261953
-0.6811944901923734			0.844204303588536
-0.6761944901923734			0.84271558527919
-0.6711944901923734			0.8412413076477122
-0.6661944901923734			0.8397813834190836
-0.6611944901923734			0.8383357263821754
-0.6561944901923734			0.836904251378391
-0.6511944901923734			0.8354868742904799
-0.6461944901923734			0.8340835120315222
-0.6411944901923734			0.8326940825340808
-0.6361944901923734			0.8313185047395185
-0.6311944901923734			0.8299566985874789
-0.6261944901923734			0.828608585005526
-0.6211944901923734			0.827274085898943
-0.6161944901923734			0.8259531241406857
-0.6111944901923734			0.8246456235614904
-0.6061944901923734			0.8233515089401311
-0.6011944901923734			0.8220707059938269
-0.5961944901923734			0.8208031413687952
-0.5911944901923734			0.81954874263095
-0.5861944901923734			0.8183074382567412
-0.5811944901923733			0.8170791576241361
-0.5761944901923733			0.8158638310037377
-0.5711944901923733			0.8146613895500396
-0.5661944901923733			0.8134717652928162
-0.5611944901923733			0.8122948911286432
-0.5561944901923733			0.8111307008125512
-0.5511944901923733			0.8099791289498063
-0.5461944901923733			0.8088401109878176
-0.5411944901923733			0.8077135832081711
-0.5361944901923733			0.8065994827187856
-0.5311944901923733			0.805497747446191
-0.5261944901923733			0.8044083161279264
-0.5211944901923733			0.8033311283050568
-0.5161944901923733			0.8022661243148058
-0.5111944901923733			0.8012132452833042
-0.5061944901923733			0.8001724331184521
-0.5011944901923733			0.7991436305028926
-0.49619449019237327			0.7981267808870963
-0.49119449019237327			0.7971218284825555
-0.48619449019237326			0.7961287182550845
-0.48119449019237326			0.7951473959182276
-0.47619449019237325			0.7941778079267715
-0.47119449019237325			0.7932199014703609
-0.46619449019237325			0.7922736244672165
-0.46119449019237324			0.7913389255579535
-0.45619449019237324			0.7904157540994996
-0.45119449019237323			0.7895040601591121
-0.4461944901923732			0.788603794508491
-0.4411944901923732			0.7877149086179882
-0.4361944901923732			0.7868373546509112
-0.4311944901923732			0.7859710854579208
-0.4261944901923732			0.7851160545715206
-0.4211944901923732			0.7842722162006367
-0.4161944901923732			0.7834395252252898
-0.4111944901923732			0.7826179371913541
-0.4061944901923732			0.7818074083054046
-0.4011944901923732			0.7810078954296518
-0.3961944901923732			0.7802193560769619
-0.3911944901923732			0.7794417484059615
-0.3861944901923732			0.7786750312162263
-0.38119449019237317			0.7779191639435529
-0.37619449019237317			0.7771741066553124
-0.37119449019237316			0.7764398200458844
-0.36619449019237316			0.7757162654321716
-0.36119449019237315			0.7750034047491942
-0.35619449019237315			0.7743012005457606
-0.35119449019237314			0.7736096159802178
-0.34619449019237314			0.7729286148162772
-0.34119449019237313			0.7722581614189156
-0.33619449019237313			0.7715982207503527
-0.3311944901923731			0.7709487583661015
-0.3261944901923731			0.770309740411093
-0.3211944901923731			0.7696811336158723
-0.3161944901923731			0.7690629052928679
-0.3111944901923731			0.7684550233327314
-0.3061944901923731			0.7678574562007479
-0.3011944901923731			0.7672701729333159
-0.2961944901923731			0.766693143134497
-0.2911944901923731			0.7661263369726324
-0.2861944901923731			0.7655697251770296
-0.2811944901923731			0.7650232790347132
-0.2761944901923731			0.7644869703872454
-0.27119449019237307			0.7639607716276094
-0.26619449019237307			0.7634446556971601
-0.26119449019237306			0.7629385960826388
-0.25619449019237306			0.7624425668132516
-0.25119449019237305			0.7619565424578122
-0.24619449019237305			0.7614804981219471
-0.24119449019237305			0.7610144094453635
-0.23619449019237304			0.7605582525991791
-0.23119449019237304			0.7601120042833133
-0.22619449019237303			0.7596756417239399
-0.22119449019237303			0.7592491426709991
-0.21619449019237302			0.7588324853957708
-0.21119449019237302			0.7584256486885068
-0.20619449019237301			0.7580286118561221
-0.201194490192373			0.7576413547199453
-0.196194490192373			0.7572638576135262
-0.191194490192373			0.7568961013805028
-0.186194490192373			0.7565380673725246
-0.181194490192373			0.756189737447233
-0.176194490192373			0.7558510939662991
-0.17119449019237298			0.7555221197935175
-0.16619449019237298			0.7552027982929552
-0.16119449019237297			0.7548931133271573
-0.15619449019237297			0.7545930492554074
-0.15119449019237297			0.7543025909320435
-0.14619449019237296			0.7540217237048275
-0.14119449019237296			0.7537504334133697
-0.13619449019237295			0.7534887063876078
-0.13119449019237295			0.7532365294463389
-0.12619449019237294			0.7529938898958046
-0.12119449019237294			0.7527607755283315
-0.11619449019237293			0.7525371746210218
-0.11119449019237293			0.7523230759344984
-0.10619449019237293			0.7521184687117025
-0.10119449019237292			0.7519233426767429
-0.09619449019237292			0.7517376880337975
-0.09119449019237291			0.7515614954660668
-0.08619449019237291			0.7513947561347792
-0.0811944901923729			0.751237461678248
-0.0761944901923729			0.7510896042109781
-0.0711944901923729			0.750951176322827
-0.06619449019237289			0.7508221710782135
-0.06119449019237289			0.7507025820153794
-0.056194490192372895			0.7505924031457015
-0.0511944901923729			0.7504916289530531
-0.0461944901923729			0.750400254393218
-0.0411944901923729			0.7503182748933526
-0.036194490192372905			0.7502456863515005
-0.031194490192372904			0.7501824851361556
-0.026194490192372903			0.7501286680858759
-0.021194490192372902			0.750084232508948
-0.0161944901923729			0.7500491761831001
-0.0111944901923729			0.7500234973552667
-0.0061944901923729			0.7500071947414018
-0.0011944901923729			0.7500002675263423
0.0038055098076271			0.750002715363722
0.0088055098076271			0.7500145383759339
0.013805509807627101			0.7500357371541444
0.018805509807627102			0.7500663127583549
0.023805509807627103			0.7501062667175151
0.028805509807627104			0.7501556010296856
0.0338055098076271			0.7502143181622497
0.0388055098076271			0.750282421052176
0.0438055098076271			0.7503599131063309
0.048805509807627094			0.75044679820184
0.05380550980762709			0.7505430806865013
0.05880550980762709			0.7506487653792471
0.06380550980762709			0.750763857570657
0.06880550980762709			0.7508883630235208
0.0738055098076271			0.751022287973452
0.0788055098076271			0.7511656391295517
0.0838055098076271			0.7513184236751238
0.08880550980762711			0.7514806492684398
0.09380550980762711			0.7516523240435558
0.09880550980762712			0.7518334566111796
0.10380550980762712			0.75202405605959
0.10880550980762713			0.7522241319556066
0.11380550980762713			0.7524336943456114
0.11880550980762714			0.7526527537566233
0.12380550980762714			0.7528813211974225
0.12880550980762714			0.753119408159729
0.13380550980762715			0.7533670266194326
0.13880550980762715			0.7536241890378758
0.14380550980762716			0.753890908363189
0.14880550980762716			0.7541671980316796
0.15380550980762717			0.7544530719692745
0.15880550980762717			0.7547485445930152
0.16380550980762718			0.7550536308126078
0.16880550980762718			0.7553683460320268
0.17380550980762718			0.7556927061511737
0.1788055098076272			0.7560267275675902
0.1838055098076272			0.756370427178226
0.1888055098076272			0.7567238223812632
0.1938055098076272			0.7570869310779954
0.1988055098076272			0.7574597716747639
0.2038055098076272			0.7578423630849491
0.20880550980762722			0.7582347247310205
0.21380550980762722			0.7586368765466422
0.21880550980762722			0.7590488389788376
0.22380550980762723			0.7594706329902108
0.22880550980762723			0.7599022800612273
0.23380550980762724			0.7603438021925536
0.23880550980762724			0.7607952219074561
0.24380550980762725			0.7612565622542588
0.24880550980762725			0.7617278468088627
0.2538055098076272			0.7622090996773259
0.25880550980762723			0.7627003454985029
0.26380550980762724			0.7632016094467482
0.26880550980762724			0.7637129172346809
0.27380550980762725			0.7642342951160114
0.27880550980762725			0.7647657698884329
0.28380550980762725			0.7653073688965758
0.28880550980762726			0.7658591200350267
0.29380550980762726			0.7664210517514121
0.29880550980762727			0.7669931930495484
0.30380550980762727			0.7675755734926577
0.3088055098076273			0.7681682232066498
0.3138055098076273			0.768771172883473
0.3188055098076273			0.7693844537845314
0.3238055098076273			0.7700080977441722
0.3288055098076273			0.7706421371732421
0.3338055098076273			0.7712866050627131
0.3388055098076273			0.77194153498738
0.3438055098076273			0.7726069611096296
0.3488055098076273			0.7732829181832804
0.3538055098076273			0.7739694415574983
0.3588055098076273			0.7746665671807824
0.3638055098076273			0.7753743316050296
0.36880550980762733			0.7760927719896703
0.37380550980762733			0.7768219261058837
0.37880550980762734			0.7775618323408884
0.38380550980762734			0.7783125297023105
0.38880550980762735			0.7790740578226324
0.39380550980762735			0.7798464569637189
0.39880550980762736			0.7806297680214257
0.40380550980762736			0.7814240325302879
0.40880550980762737			0.7822292926682924
0.41380550980762737			0.7830455912617317
0.4188055098076274			0.7838729717901441
0.4238055098076274			0.7847114783913377
0.4288055098076274			0.7855611558665012
0.4338055098076274			0.7864220496854031
0.4388055098076274			0.7872942059916768
0.4438055098076274			0.7881776716081982
0.4488055098076274			0.7890724940425516
0.4538055098076274			0.789978721492589
0.4588055098076274			0.7908964028520804
0.4638055098076274			0.7918255877164605
0.4688055098076274			0.7927663263886682
0.4738055098076274			0.7937186698850842
0.4788055098076274			0.7946826699415657
0.48380550980762743			0.7956583790195797
0.48880550980762744			0.7966458503124373
0.49380550980762744			0.7976451377516283
0.49880550980762745			0.7986562960132599
0.5038055098076274			0.7996793805245987
0.5088055098076274			0.8007144474707185
0.5138055098076274			0.8017615538012551
0.5188055098076274			0.8028207572372696
0.5238055098076274			0.8038921162782215
0.5288055098076274			0.8049756902090525
0.5338055098076274			0.8060715391073843
0.5388055098076274			0.8071797238508298
0.5438055098076274			0.8083003061244214
0.5488055098076274			0.809433348428155
0.5538055098076274			0.8105789140846549
0.5588055098076274			0.8117370672469594
0.5638055098076274			0.8129078729064277
0.5688055098076275			0.8140913969007731
0.5738055098076275			0.8152877059222198
0.5788055098076275			0.8164968675257892
0.5838055098076275			0.8177189501377164
0.5888055098076275			0.8189540230639961
0.5938055098076275			0.8202021564990637
0.5988055098076275			0.8214634215346109
0.6038055098076275			0.8227378901685395
0.6088055098076275			0.8240256353140529
0.6138055098076275			0.8253267308088906
0.6188055098076275			0.8266412514247056
0.6238055098076275			0.8279692728765865
0.6288055098076275			0.8293108718327292
0.6338055098076275			0.8306661259242564
0.6388055098076275			0.8320351137551906
0.6438055098076275			0.8334179149125811
0.6488055098076275			0.8348146099767878
0.6538055098076275			0.8362252805319249
0.6588055098076275			0.837650009176464
0.6638055098076275			0.8390888795340039
0.6688055098076275			0.8405419762642055
0.6738055098076275			0.8420093850738949
0.6788055098076275			0.8434911927283408
0.6838055098076276			0.8449874870627037
0.6888055098076276			0.846498356993663
0.6938055098076276			0.8480238925312249
0.6988055098076276			0.8495641847907108
0.7038055098076276			0.8511193260049332
0.7088055098076276			0.8526894095365591
0.7138055098076276			0.8542745298906644
0.7188055098076276			0.8558747827274833
0.7238055098076276			0.8574902648753548
0.7288055098076276			0.8591210743438702
0.7338055098076276			0.8607673103372239
0.7388055098076276			0.8624290732677714
0.7438055098076276			0.8641064647697985
0.7488055098076276			0.8657995877135026
0.7538055098076276			0.8675085462191934
0.7588055098076276			0.8692334456717123
0.7638055098076276			0.870974392735078
0.7688055098076276			0.8727314953673592
0.7738055098076276			0.8745048628357782
0.7788055098076276			0.8762946057320528
0.7838055098076276			0.8781008359879744
0.7888055098076276			0.8799236668912322
0.7938055098076277			0.8817632131014838
0.7988055098076277			0.8836195906666761
0.8038055098076277			0.8854929170396247
0.8088055098076277			0.8873833110948517
0.8138055098076277			0.8892908931456869
0.8188055098076277			0.8912157849616407
0.8238055098076277			0.8931581097860478
0.8288055098076277			0.8951179923539904
0.8338055098076277			0.8970955589105031
0.8388055098076277			0.8990909372290664
0.8438055098076277			0.9011042566303923
0.8488055098076277			0.9031356480015065
0.8538055098076277			0.9051852438151344
0.8588055098076277			0.9072531781493944
0.8638055098076277			0.9093395867078038
0.8688055098076277			0.9114446068396039
0.8738055098076277			0.9135683775604089
0.8788055098076277			0.9157110395731838
0.8838055098076277			0.9178727352895583
0.8888055098076277			0.9200536088514831
0.8938055098076277			0.9222538061532306
0.8988055098076277			0.924473474863751
0.9038055098076277			0.9267127644493883
0.9088055098076278			0.9289718261969604
0.9138055098076278			0.9312508132372135
0.9188055098076278			0.933549880568654
0.9238055098076278			0.935869185081767
0.9288055098076278			0.9382088855836278
0.9338055098076278			0.9405691428229119
0.9388055098076278			0.9429501195153133
0.9438055098076278			0.9453519803693753
0.9488055098076278			0.9477748921127446
0.9538055098076278			0.9502190235188543
0.9588055098076278			0.9526845454340434
0.9638055098076278			0.9551716308051207
0.9688055098076278			0.9576804547073847
0.9738055098076278			0.9602111943731022
0.9788055098076278			0.9627640292204569
0.9838055098076278			0.9653391408829787
0.9888055098076278			0.9679367132394583
0.9938055098076278			0.9705569324443588
0.9988055098076278			0.9731999869587332
1.0038055098076277			0.975866067581657
1.0088055098076276			0.9785553674821836
1.0138055098076275			0.9812680822318373
1.0188055098076274			0.9840044098376471
1.0238055098076273			0.986764550775738
1.0288055098076272			0.9895487080254848
1.033805509807627			0.9923570871042434
1.038805509807627			0.9951898961026684
1.0438055098076269			0.9980473457206273
1.0488055098076268			1.0009296493037245
1.0538055098076267			1.0038370228804465
1.0588055098076266			1.0067696851999377
1.0638055098076264			1.0097278577704232
1.0688055098076263			1.012711764898287
1.0738055098076262			1.0157216337278203
1.0788055098076261			1.0187576942816525
1.083805509807626			1.0218201795018773
1.088805509807626			1.0249093252918902
1.0938055098076258			1.0280253705589455
1.0988055098076257			1.0311685572574543
1.1038055098076256			1.0343391304330318
1.1088055098076255			1.0375373382673114
1.1138055098076254			1.0407634321235406
1.1188055098076253			1.0440176665929741
1.1238055098076252			1.0473002995420786
1.128805509807625			1.0506115921605665
1.133805509807625			1.053951809010275
1.1388055098076248			1.057321218074908
1.1438055098076247			1.0607200908106558
1.1488055098076246			1.0641487021977114
1.1538055098076245			1.0676073307927043
1.1588055098076244			1.0710962587820647
1.1638055098076243			1.0746157720363407
1.1688055098076242			1.0781661601654873
1.173805509807624			1.081747716575146
1.178805509807624			1.0853607385239357
1.183805509807624			1.089005527181777
1.1888055098076238			1.0926823876892653
1.1938055098076237			1.0963916292181233
1.1988055098076236			1.1001335650327473
1.2038055098076235			1.103908512552874
1.2088055098076234			1.1077167934173886
1.2138055098076233			1.1115587335492987
1.2188055098076231			1.1154346632219023
1.223805509807623			1.1193449171261642
1.228805509807623			1.12328983443934
1.2338055098076228			1.1272697588948608
1.2388055098076227			1.1312850388535152
1.2438055098076226			1.1353360273759483
1.2488055098076225			1.1394230822965117
1.2538055098076224			1.1435465662984892
1.2588055098076223			1.1477068469907266
1.2638055098076222			1.1519042969857012
1.268805509807622			1.1561392939790545
1.273805509807622			1.1604122208306251
1.2788055098076219			1.1647234656470102
1.2838055098076218			1.1690734218656913
1.2888055098076217			1.173462488340756
1.2938055098076215			1.1778910694302522
1.2988055098076214			1.1823595750852074
1.3038055098076213			1.1868684209403528
1.3088055098076212			1.1914180284065867
1.3138055098076211			1.1960088247652159
1.318805509807621			1.2006412432640161
1.323805509807621			1.205315723215148
1.3288055098076208			1.2100327100949715
1.3338055098076207			1.2147926556458033
1.3388055098076206			1.219596017979653
1.3438055098076205			1.2244432616839918
1.3488055098076204			1.2293348579295897
1.3538055098076203			1.2342712845804764
1.3588055098076202			1.2392530263060642
1.36380550980762			1.2442805746954897
1.36880550980762			1.249354428374221
1.3738055098076198			1.25447509312298
1.3788055098076197			1.259643081999035
1.3838055098076196			1.2648589154599181
1.3888055098076195			1.2701231214896194
1.3938055098076194			1.275436235727317
1.3988055098076193			1.2807988015987026
1.4038055098076192			1.286211370449958
1.408805509807619			1.2916745016844489
1.413805509807619			1.2971887629021943
1.4188055098076189			1.3027547300421798
1.4238055098076188			1.308372987527578
1.4288055098076187			1.314044128413947
1.4338055098076186			1.319768754540474
1.4388055098076185			1.3255474766843358
1.4438055098076183			1.3313809147182545
1.4488055098076182			1.337269697771315
1.4538055098076181			1.3432144643931305
1.458805509807618			1.3492158627214321
1.463805509807618			1.35527455065316
1.4688055098076178			1.36139119601915
1.4738055098076177			1.3675664767624918
1.4788055098076176			1.3738010811206516
1.4838055098076175			1.3800957078114533
1.4888055098076174			1.3864510662230043
1.4938055098076173			1.3928678766076685
1.4988055098076172			1.3993468702801808
1.503805509807617			1.4058887898200085
1.508805509807617			1.4124943892780568
1.5138055098076169			1.4191644343878362
1.5188055098076167			1.4258997027811895
1.5238055098076166			1.4327009842087
1.5288055098076165			1.4395690807648955
1.5338055098076164			1.4465048071183637
1.5388055098076163			1.453508990746907
1.5438055098076162			1.4605824721778584
1.548805509807616			1.467726105233694
1.553805509807616			1.474940757283066
1.558805509807616			1.4822273094974057
1.5638055098076158			1.489586657113229
1.5688055098076157			1.497019709700292
1.5738055098076156			1.5045273914357458
1.5788055098076155			1.5121106413844478
1.5838055098076154			1.5197704137855832
1.5888055098076153			1.527507678345759
1.5938055098076152			1.5353234205387452
1.598805509807615			1.5432186419120255
1.603805509807615			1.5511943604003458
1.6088055098076148			1.5592516106464307
1.6138055098076147			1.5673914443290704
1.6188055098076146			1.5756149304987601
1.6238055098076145			1.583923155921095
1.6288055098076144			1.592317225428131
1.6338055098076143			1.6007982622779149
1.6388055098076142			1.6093674085224068
1.643805509807614			1.6180258253840185
1.648805509807614			1.626774693640998
1.6538055098076139			1.635615214021899
1.6588055098076138			1.6445486076093807
1.6638055098076137			1.6535761162535927
1.6688055098076136			1.6626990029954
1.6738055098076134			1.671918552499724
1.6788055098076133			1.6812360714992725
1.6838055098076132			1.690652889248944
1.6888055098076131			1.700170357991203
1.693805509807613			1.7097898534327272
1.698805509807613			1.7195127752326402
1.7038055098076128			1.7293405475026564
1.7088055098076127			1.7392746193194655
1.7138055098076126			1.7493164652497022
1.7188055098076125			1.759467585887858
1.7238055098076124			1.7697295084074975
1.7288055098076123			1.7801037871261578
1.7338055098076122			1.7905920040843208
1.738805509807612			1.80119576963886
1.743805509807612			1.8119167230713769
1.7488055098076118			1.8227565332118534
1.7538055098076117			1.8337168990780683
1.7588055098076116			1.8447995505312254
1.7638055098076115			1.8560062489482752
1.7688055098076114			1.8673387879114065
1.7738055098076113			1.878798993915223
1.7788055098076112			1.8903887270921116
1.783805509807611			1.9021098819563522
1.788805509807611			1.9139643881675146
1.7938055098076109			1.9259542113137198
1.7988055098076108			1.9380813537153598
1.8038055098076107			1.9503478552498852
1.8088055098076106			1.9627557941982974
1.8138055098076105			1.9753072881139981
1.8188055098076104			1.9880044947146729
1.8238055098076102			2.000849612797916
1.8288055098076101			2.013844883181309
1.83380550980761			2.026992589667714
1.83880550980761			2.040295060036551
1.8438055098076098			2.0537546670618627
1.8488055098076097			2.0673738295580018
1.8538055098076096			2.081155013453789
1.8588055098076095			2.0951007328960456
1.8638055098076094			2.1092135513834105
1.8688055098076093			2.123496082931403
1.8738055098076092			2.137950993269712
1.878805509807609			2.1525810010727406
1.883805509807609			2.1673888792244655
1.8888055098076089			2.1823774561187017
1.8938055098076088			2.1975496169959166
1.8988055098076086			2.212908305317775
1.9038055098076085			2.2284565241806256
1.9088055098076084			2.244197337769205
1.9138055098076083			2.2601338728518683
1.9188055098076082			2.276269320318709
1.9238055098076081			2.2926069367639763
1.928805509807608			2.3091500461142562
1.933805509807608			2.32590204130394
1.9388055098076078			2.3428663859995433
1.9438055098076077			2.3600466163745257
1.9488055098076076			2.3774463429362944
1.9538055098076075			2.3950692524071626
1.9588055098076074			2.412919109661088
1.9638055098076073			2.430999759718085
1.9688055098076072			2.4493151297982902
1.973805509807607			2.467869231437726
1.978805509807607			2.486666162667882
1.9838055098076068			2.505710110261332
1.9888055098076067			2.525005352045688
1.9938055098076066			2.5445562592882562
1.9988055098076065			2.564367299153906
2.0038055098076066			2.5844430372386964
2.0088055098076065			2.6047881401819764
2.0138055098076064			2.6254073783597205
2.0188055098076063			2.6463056286620166
2.023805509807606			2.6674878773577144
2.028805509807606			2.688959223049381
2.033805509807606			2.7107248797218273
2.038805509807606			2.732790179887615
2.043805509807606			2.755160577833068
2.0488055098076057			2.7778416529685006
2.0538055098076056			2.800839113286481
2.0588055098076055			2.8241587989321393
2.0638055098076054			2.847806685889694
2.0688055098076052			2.871788889789531
2.073805509807605			2.896111669840359
2.078805509807605			2.920781432891178
2.083805509807605			2.9458047376279564
2.088805509807605			2.971188298910168
2.0938055098076047			2.9969389922525265
2.0988055098076046			3.02306385845751
2.1038055098076045			3.049570108404497
2.1088055098076044			3.076465128001593
2.1138055098076043			3.1037564833064946
2.118805509807604			3.1314519258230256
2.123805509807604			3.1595593979802543
2.128805509807604			3.1880870388014286
2.133805509807604			3.2170431897702803
2.1388055098076038			3.246436400902589
2.1438055098076036			3.276275437031258
2.1488055098076035			3.306569284313517
2.1538055098076034			3.337327156969287
2.1588055098076033			3.36855850426012
2.1638055098076032			3.4002730177185954
2.168805509807603			3.43248063863848
2.173805509807603			3.465191565836489
2.178805509807603			3.4984162636969187
2.183805509807603			3.5321654705110284
2.1888055098076027			3.566450207123567
2.1938055098076026			3.601281785899438
2.1988055098076025			3.636671820024122
2.2038055098076024			3.672632233152135
2.2088055098076023			3.709175269418482
2.213805509807602			3.746313503828802
2.218805509807602			3.784059853044663
2.223805509807602			3.822427586581266
2.228805509807602			3.8614303384356967
2.2338055098076017			3.9010821191647342
2.2388055098076016			3.941397328432198
2.2438055098076015			3.982390768046804
2.2488055098076014			4.02407765551258
2.2538055098076013			4.066473638114976
2.258805509807601			4.109594807567039
2.263805509807601			4.15345771524123
2.268805509807601			4.1980793880137925
2.273805509807601			4.243477344750007
2.2788055098076008			4.289669613460118
2.2838055098076007			4.336674749157308
2.2888055098076006			4.384511852450711
2.2938055098076005			4.433200588908317
2.2988055098076003			4.482761209226329
2.3038055098076002			4.5332145702436595
2.3088055098076			4.584582156842251
2.3138055098076			4.636886104776153
2.3188055098076			4.690149224474641
2.3238055098076			4.744395025867195
2.3288055098075997			4.799647744280738
2.3338055098075996			4.8559323674624135
2.3388055098075995			4.913274663784173
2.3438055098075994			4.971701211688577
2.3488055098075993			5.031239430438673
2.353805509807599			5.091917612238328
