Tabla del radio en funcion del angulo para trayectoria parabolica de perihelio 1.0 UA:
   Angulo [rad]				 Radio [UA]
-2.356194490192345			6.828427124746189
-2.351194490192345			6.7467829873670855
-2.346194490192345			6.666677248478808
-2.341194490192345			6.588071613349708
-2.3361944901923453			6.510928972304087
-2.3311944901923454			6.435213356989263
-2.3261944901923455			6.360889898514018
-2.3211944901923456			6.287924787367488
-2.3161944901923457			6.216285235032482
-2.311194490192346			6.145939437211847
-2.306194490192346			6.076856538590849
-2.301194490192346			6.009006599062747
-2.296194490192346			5.942360561348475
-2.2911944901923462			5.876890219945071
-2.2861944901923463			5.812568191340904
-2.2811944901923464			5.749367885438979
-2.2761944901923465			5.687263478132645
-2.2711944901923466			5.626229884980879
-2.2661944901923468			5.566242735933072
-2.261194490192347			5.507278351055762
-2.256194490192347			5.449313717216175
-2.251194490192347			5.392326465679703
-2.246194490192347			5.336294850580627
-2.2411944901923473			5.281197728227374
-2.2361944901923474			5.227014537205574
-2.2311944901923475			5.173725279243925
-2.2261944901923476			5.121310500809646
-2.2211944901923477			5.069751275401896
-2.216194490192348			5.01902918651307
-2.211194490192348			4.969126311229325
-2.206194490192348			4.920025204443103
-2.201194490192348			4.871708883651645
-2.1961944901923482			4.824160814316816
-2.1911944901923484			4.7773648957626484
-2.1861944901923485			4.731305447588157
-2.1811944901923486			4.6859671965740235
-2.1761944901923487			4.641335264062744
-2.171194490192349			4.597395153792769
-2.166194490192349			4.55413274016807
-2.161194490192349			4.511534256945394
-2.156194490192349			4.4695862863223415
-2.151194490192349			4.428275748410058
-2.1461944901923493			4.387589891075173
-2.1411944901923494			4.34751628013624
-2.1361944901923495			4.308042789900594
-2.1311944901923496			4.269157594028219
-2.1261944901923497			4.230849156709747
-2.12119449019235			4.193106224146302
-2.11619449019235			4.15591781631948
-2.11119449019235			4.119273219040175
-2.10619449019235			4.083161976265553
-2.1011944901923503			4.047573882673865
-2.0961944901923504			4.012498976487259
-2.0911944901923505			3.977927532533166
-2.0861944901923506			3.9438500555352696
-2.0811944901923507			3.910257273625368
-2.076194490192351			3.8771401320678986
-2.071194490192351			3.844489787189177
-2.066194490192351			3.8122976005037574
-2.061194490192351			3.780555133030631
-2.0561944901923512			3.7492541397922916
-2.0511944901923513			3.71838656448996
-2.0461944901923514			3.6879445343485675
-2.0411944901923516			3.657920355125321
-2.0361944901923517			3.6283065062759685
-2.0311944901923518			3.5990956362730775
-2.026194490192352			3.570280558070886
-2.021194490192352			3.5418542447115278
-2.016194490192352			3.513809825067592
-2.011194490192352			3.4861405797162193
-2.0061944901923523			3.458839936940099
-2.0011944901923524			3.4319014688509477
-1.9961944901923525			3.405318887631169
-1.9911944901923526			3.379086041889624
-1.9861944901923527			3.353196913127558
-1.9811944901923528			3.3276456123108846
-1.976194490192353			3.3024263765452084
-1.971194490192353			3.27753356585006
-1.9661944901923532			3.2529616600289875
-1.9611944901923533			3.2287052556322564
-1.9561944901923534			3.204759063009046
-1.9511944901923535			3.1811179034461348
-1.9461944901923536			3.1577767063901887
-1.9411944901923537			3.134730506750877
-1.9361944901923538			3.111974442282132
-1.931194490192354			3.0895037510389827
-1.926194490192354			3.0673137689074714
-1.921194490192354			3.0453999272052745
-1.9161944901923542			3.0237577503507125
-1.9111944901923543			3.002382853597938
-1.9061944901923544			2.981270940836162
-1.9011944901923545			2.9604178024508596
-1.8961944901923546			2.939819313244954
-1.8911944901923547			2.919471430418092
-1.8861944901923549			2.8993701916021353
-1.881194490192355			2.8795117129511056
-1.876194490192355			2.8598921872838554
-1.8711944901923552			2.8405078822778154
-1.8661944901923553			2.821355138712213
-1.8611944901923554			2.802430368759224
-1.8561944901923555			2.783730054321567
-1.8511944901923556			2.765250745415104
-1.8461944901923557			2.746989058595061
-1.8411944901923558			2.7289416754245255
-1.836194490192356			2.711105340983936
-1.831194490192356			2.693476862420306
-1.8261944901923561			2.6760531075349827
-1.8211944901923562			2.6588310034087703
-1.8161944901923563			2.6418075350632986
-1.8111944901923565			2.624979744157542
-1.8061944901923566			2.6083447277184444
-1.8011944901923567			2.591899636904631
-1.7961944901923568			2.575641675802223
-1.7911944901923569			2.5595681002518145
-1.786194490192357			2.54367621670568
-1.781194490192357			2.5279633811143416
-1.7761944901923572			2.5124269978416214
-1.7711944901923573			2.4970645186073623
-1.7661944901923574			2.481873441457007
-1.7611944901923575			2.4668513097572573
-1.7561944901923576			2.4519957112170694
-1.7511944901923577			2.4373042769332485
-1.7461944901923578			2.4227746804599475
-1.741194490192358			2.4084046369013796
-1.736194490192358			2.3941919020270945
-1.7311944901923582			2.380134271409171
-1.7261944901923583			2.366229579580713
-1.7211944901923584			2.3524756992150504
-1.7161944901923585			2.3388705403250594
-1.7111944901923586			2.3254120494820474
-1.7061944901923587			2.3120982090536546
-1.7011944901923588			2.2989270364602437
-1.696194490192359			2.2858965834492726
-1.691194490192359			2.2730049353871498
-1.6861944901923591			2.2602502105680915
-1.6811944901923592			2.247630559539526
-1.6761944901923593			2.235144164443579
-1.6711944901923594			2.2227892383742187
-1.6661944901923595			2.210564024749622
-1.6611944901923597			2.198466796699367
-1.6561944901923598			2.186495856466037
-1.6511944901923599			2.1746495348208645
-1.64619449019236			2.1629261904930295
-1.64119449019236			2.1513242096122567
-1.6361944901923602			2.1398420051643487
-1.6311944901923603			2.1284780164593298
-1.6261944901923604			2.117230708611847
-1.6211944901923605			2.106098572033526
-1.6161944901923606			2.0950801219369555
-1.6111944901923607			2.0841738978510027
-1.6061944901923608			2.0733784631471663
-1.601194490192361			2.062692404576676
-1.596194490192361			2.052114331818063
-1.5911944901923611			2.041642877034936
-1.5861944901923613			2.0312766944436955
-1.5811944901923614			2.0210144598909294
-1.5761944901923615			2.010854870440254
-1.5711944901923616			2.0007966439683496
-1.5661944901923617			1.990838518769963
-1.5611944901923618			1.9809792531716475
-1.556194490192362			1.9712176251540208
-1.551194490192362			1.9615524319823332
-1.546194490192362			1.9519824898451261
-1.5411944901923622			1.9425066335007897
-1.5361944901923623			1.9331237159318178
-1.5311944901923624			1.9238326080065722
-1.5261944901923625			1.914632198148367
-1.5211944901923626			1.9055213920116953
-1.5161944901923627			1.896499112165425
-1.5111944901923628			1.8875642977827856
-1.506194490192363			1.8787159043379884
-1.501194490192363			1.8699529033093156
-1.4961944901923632			1.861274281888518
-1.4911944901923633			1.8526790426963735
-1.4861944901923634			1.8441662035042559
-1.4811944901923635			1.8357347969615674
-1.4761944901923636			1.8273838703289023
-1.4711944901923637			1.8191124852167884
-1.4661944901923638			1.8109197173298957
-1.461194490192364			1.8028046562165612
-1.456194490192364			1.7947664050235175
-1.4511944901923641			1.7868040802556964
-1.4461944901923642			1.7789168115409928
-1.4411944901923643			1.7711037413998632
-1.4361944901923644			1.7633640250196567
-1.4311944901923646			1.755696830033561
-1.4261944901923647			1.7481013363040583
-1.4211944901923648			1.7405767357107857
-1.4161944901923649			1.7331222319426989
-1.411194490192365			1.7257370402944394
-1.406194490192365			1.7184203874668087
-1.4011944901923652			1.7111715113712558
-1.3961944901923653			1.7039896609382847
-1.3911944901923654			1.6968740959296946
-1.3861944901923655			1.689824086754564
-1.3811944901923656			1.6828389142888942
-1.3761944901923657			1.67591786969883
-1.3711944901923658			1.6690602542673767
-1.366194490192366			1.6622653792245337
-1.361194490192366			1.65553256558077
-1.3561944901923662			1.6488611439637664
-1.3511944901923663			1.6422504544583494
-1.3461944901923664			1.6356998464495496
-1.3411944901923665			1.6292086784687114
-1.3361944901923666			1.6227763180425903
-1.3311944901923667			1.6164021415453687
-1.3261944901923668			1.6100855340535283
-1.321194490192367			1.6038258892035147
-1.316194490192367			1.597622609052136
-1.3111944901923671			1.5914751039396315
-1.3061944901923672			1.5853827923553558
-1.3011944901923673			1.5793451008060224
-1.2961944901923674			1.5733614636864457
-1.2911944901923675			1.5674313231527355
-1.2861944901923676			1.5615541289978856
-1.2811944901923678			1.555729338529707
-1.2761944901923679			1.5499564164510542
-1.271194490192368			1.5442348347422985
-1.266194490192368			1.5385640725459997
-1.2611944901923682			1.5329436160537253
-1.2561944901923683			1.527372958394979
-1.2511944901923684			1.5218515995281883
-1.2461944901923685			1.5163790461337088
-1.2411944901923686			1.5109548115088072
-1.2361944901923687			1.505578415464574
-1.2311944901923688			1.5002493842247338
-1.226194490192369			1.4949672503263067
-1.221194490192369			1.489731552522088
-1.2161944901923691			1.484541835684903
-1.2111944901923692			1.4793976507136062
-1.2061944901923694			1.474298554440784
-1.2011944901923695			1.4692441095421287
-1.1961944901923696			1.464233884447448
-1.1911944901923697			1.4592674532532788
-1.1861944901923698			1.4543443956370687
-1.1811944901923699			1.4494642967728986
-1.17619449019237			1.444626747248709
-1.17119449019237			1.4398313429850065
-1.1661944901923702			1.4350776851550133
-1.1611944901923703			1.4303653801062377
-1.1561944901923704			1.4256940392834307
-1.1511944901923705			1.4210632791529072
-1.1461944901923706			1.4164727211281976
-1.1411944901923707			1.411921991497012
-1.1361944901923708			1.407410721349479
-1.131194490192371			1.4029385465076498
-1.126194490192371			1.398505107456225
-1.1211944901923712			1.3941100492744944
-1.1161944901923713			1.3897530215694578
-1.1111944901923714			1.3854336784101065
-1.1061944901923715			1.3811516782628426
-1.1011944901923716			1.3769066839280133
-1.0961944901923717			1.3726983624775395
-1.0911944901923718			1.368526385193616
-1.086194490192372			1.364390427508464
-1.081194490192372			1.3602901689451137
-1.0761944901923721			1.3562252930592014
-1.0711944901923722			1.3521954873817559
-1.0661944901923723			1.3482004433629577
-1.0611944901923724			1.3442398563168558
-1.0561944901923725			1.3403134253670175
-1.0511944901923727			1.3364208533930986
-1.0461944901923728			1.3325618469783127
-1.0411944901923729			1.3287361163577889
-1.036194490192373			1.32494337536779
-1.031194490192373			1.321183341395788
-1.0261944901923732			1.3174557353313723
-1.0211944901923733			1.313760281517975
-1.0161944901923734			1.310096707705404
-1.0111944901923735			1.306464745003164
-1.0061944901923736			1.3028641278345507
-1.0011944901923737			1.2992945938915053
-0.9961944901923737			1.2957558840902177
-0.9911944901923737			1.2922477425274574
-0.9861944901923737			1.288769916437628
-0.9811944901923737			1.285322156150524
-0.9761944901923737			1.2819042150497804
-0.9711944901923737			1.2785158495320053
-0.9661944901923737			1.2751568189665765
-0.9611944901923737			1.271826885656096
-0.9561944901923737			1.2685258147974865
-0.9511944901923737			1.2652533744437227
-0.9461944901923737			1.2620093354661788
-0.9411944901923737			1.25879347151759
-0.9361944901923737			1.2556055589956099
-0.9311944901923737			1.252445377006956
-0.9261944901923737			1.2493127073321333
-0.9211944901923736			1.2462073343907245
-0.9161944901923736			1.2431290452072374
-0.9111944901923736			1.2400776293774993
-0.9061944901923736			1.2370528790355884
-0.9011944901923736			1.234054588821294
-0.8961944901923736			1.2310825558480953
-0.8911944901923736			1.2281365796716501
-0.8861944901923736			1.2252164622587824
-0.8811944901923736			1.2223220079569643
-0.8761944901923736			1.2194530234642809
-0.8711944901923736			1.2166093177998683
-0.8661944901923736			1.213790702274822
-0.8611944901923736			1.2109969904635605
-0.8561944901923736			1.2082279981756414
-0.8511944901923736			1.205483543428022
-0.8461944901923736			1.2027634464177521
-0.8411944901923736			1.2000675294950987
-0.8361944901923736			1.1973956171370888
-0.8311944901923736			1.1947475359214672
-0.8261944901923736			1.192123114501061
-0.8211944901923736			1.1895221835785428
-0.8161944901923736			1.1869445758815893
-0.8111944901923736			1.1843901261384233
-0.8061944901923735			1.181858671053739
-0.8011944901923735			1.1793500492849986
-0.7961944901923735			1.1768641014190968
-0.7911944901923735			1.1744006699493874
-0.7861944901923735			1.171959599253066
-0.7811944901923735			1.1695407355688987
-0.7761944901923735			1.1671439269752992
-0.7711944901923735			1.1647690233687409
-0.7661944901923735			1.1624158764425023
-0.7611944901923735			1.1600843396657392
-0.7561944901923735			1.1577742682628807
-0.7511944901923735			1.155485519193339
-0.7461944901923735			1.153217951131532
-0.7411944901923735			1.1509714244472122
-0.7361944901923735			1.148745801186099
-0.7311944901923735			1.146540945050802
-0.7261944901923735			1.1443567213820445
-0.7211944901923735			1.1421929971401663
-0.7161944901923735			1.1400496408869147
-0.7111944901923735			1.1379265227675106
-0.7061944901923735			1.1358235144929905
-0.7011944901923735			1.1337404893228167
-0.6961944901923734			1.1316773220477525
-0.6911944901923734			1.129633888973
-0.6861944901923734			1.1276100679015937
-0.6811944901923734			1.125605738118048
-0.6761944901923734			1.1236207803722533
-0.6711944901923734			1.1216550768636162
-0.6661944901923734			1.1197085112254448
-0.6611944901923734			1.1177809685095672
-0.6561944901923734			1.115872335171188
-0.6511944901923734			1.1139824990539733
-0.6461944901923734			1.112111349375363
-0.6411944901923734			1.1102587767121077
-0.6361944901923734			1.1084246729860248
-0.6311944901923734			1.1066089314499719
-0.6261944901923734			1.1048114466740349
-0.6211944901923734			1.103032114531924
-0.6161944901923734			1.101270832187581
-0.6111944901923734			1.0995274980819874
-0.6061944901923734			1.0978020119201748
-0.6011944901923734			1.096094274658436
-0.5961944901923734			1.094404188491727
-0.5911944901923734			1.0927316568412666
-0.5861944901923734			1.0910765843423216
-0.5811944901923733			1.0894388768321814
-0.5761944901923733			1.087818441338317
-0.5711944901923733			1.0862151860667195
-0.5661944901923733			1.0846290203904216
-0.5611944901923733			1.083059854838191
-0.5561944901923733			1.0815076010834017
-0.5511944901923733			1.079972171933075
-0.5461944901923733			1.07845348131709
-0.5411944901923733			1.0769514442775614
-0.5361944901923733			1.0754659769583808
-0.5311944901923733			1.0739969965949214
-0.5261944901923733			1.072544421503902
-0.5211944901923733			1.0711081710734092
-0.5161944901923733			1.0696881657530746
-0.5111944901923733			1.0682843270444056
-0.5061944901923733			1.0668965774912695
-0.5011944901923733			1.0655248406705236
-0.49619449019237327			1.064169041182795
-0.49119449019237327			1.0628291046434073
-0.48619449019237326			1.0615049576734459
-0.48119449019237326			1.0601965278909702
-0.47619449019237325			1.058903743902362
-0.47119449019237325			1.0576265352938146
-0.46619449019237325			1.0563648326229553
-0.46119449019237324			1.0551185674106045
-0.45619449019237324			1.0538876721326662
-0.45119449019237323			1.0526720802121494
-0.4461944901923732			1.0514717260113213
-0.4411944901923732			1.0502865448239842
-0.4361944901923732			1.0491164728678817
-0.4311944901923732			1.0479614472772278
-0.4261944901923732			1.0468214060953607
-0.4211944901923732			1.0456962882675156
-0.4161944901923732			1.0445860336337198
-0.4111944901923732			1.0434905829218055
-0.4061944901923732			1.0424098777405395
-0.4011944901923732			1.041343860572869
-0.3961944901923732			1.0402924747692825
-0.3911944901923732			1.039255664541282
-0.3861944901923732			1.0382333749549684
-0.38119449019237317			1.0372255519247373
-0.37619449019237317			1.0362321422070833
-0.37119449019237316			1.0352530933945125
-0.36619449019237316			1.0342883539095622
-0.36119449019237315			1.0333378729989255
-0.35619449019237315			1.0324016007276808
-0.35119449019237314			1.0314794879736238
-0.34619449019237314			1.030571486421703
-0.34119449019237313			1.029677548558554
-0.33619449019237313			1.028797627667137
-0.3311944901923731			1.0279316778214687
-0.3261944901923731			1.0270796538814573
-0.3211944901923731			1.0262415114878296
-0.3161944901923731			1.0254172070571572
-0.3111944901923731			1.0246066977769752
-0.3061944901923731			1.0238099416009971
-0.3011944901923731			1.0230268972444212
-0.2961944901923731			1.0222575241793292
-0.2911944901923731			1.0215017826301767
-0.2861944901923731			1.0207596335693727
-0.2811944901923731			1.020031038712951
-0.2761944901923731			1.0193159605163273
-0.27119449019237307			1.018614362170146
-0.26619449019237307			1.0179262075962137
-0.26119449019237306			1.0172514614435184
-0.25619449019237306			1.0165900890843356
-0.25119449019237305			1.0159420566104163
-0.24619449019237305			1.0153073308292628
-0.24119449019237305			1.0146858792604847
-0.23619449019237304			1.0140776701322387
-0.23119449019237304			1.013482672377751
-0.22619449019237303			1.01290085563192
-0.22119449019237303			1.0123321902279987
-0.21619449019237302			1.011776647194361
-0.21119449019237302			1.0112341982513424
-0.20619449019237301			1.0107048158081628
-0.201194490192373			1.010188472959927
-0.196194490192373			1.0096851434847016
-0.191194490192373			1.0091948018406702
-0.186194490192373			1.008717423163366
-0.181194490192373			1.0082529832629772
-0.176194490192373			1.007801458621732
-0.17119449019237298			1.0073628263913568
-0.16619449019237298			1.0069370643906068
-0.16119449019237297			1.0065241511028764
-0.15619449019237297			1.0061240656738766
-0.15119449019237297			1.0057367879093915
-0.14619449019237296			1.0053622982731032
-0.14119449019237296			1.005000577884493
-0.13619449019237295			1.0046516085168105
-0.13119449019237295			1.0043153725951186
-0.12619449019237294			1.0039918531944063
-0.12119449019237294			1.0036810340377753
-0.11619449019237293			1.0033828994946958
-0.11119449019237293			1.0030974345793313
-0.10619449019237293			1.0028246249489368
-0.10119449019237292			1.002564456902324
-0.09619449019237292			1.0023169173783966
-0.09119449019237291			1.0020819939547558
-0.08619449019237291			1.0018596748463724
-0.0811944901923729			1.0016499489043307
-0.0761944901923729			1.0014528056146375
-0.0711944901923729			1.0012682350971027
-0.06619449019237289			1.0010962281042846
-0.06119449019237289			1.000936776020506
-0.056194490192372895			1.0007898708609353
-0.0511944901923729			1.0006555052707375
-0.0461944901923729			1.0005336725242906
-0.0411944901923729			1.00042436652447
-0.036194490192372905			1.0003275818020005
-0.031194490192372904			1.000243313514874
-0.026194490192372903			1.0001715574478345
-0.021194490192372902			1.0001123100119305
-0.0161944901923729			1.0000655682441333
-0.0111944901923729			1.0000313298070223
-0.0061944901923729			1.0000095929885358
-0.0011944901923729			1.0000003567017897
0.0038055098076271			1.0000036204849627
0.0088055098076271			1.0000193845012453
0.013805509807627101			1.0000476495388593
0.018805509807627102			1.00008841701114
0.023805509807627103			1.000141688956687
0.028805509807627104			1.0002074680395807
0.0338055098076271			1.0002857575496664
0.0388055098076271			1.0003765614029014
0.0438055098076271			1.0004798841417746
0.048805509807627094			1.0005957309357867
0.05380550980762709			1.0007241075820017
0.05880550980762709			1.0008650205056628
0.06380550980762709			1.001018476760876
0.06880550980762709			1.001184484031361
0.0738055098076271			1.0013630506312694
0.0788055098076271			1.001554185506069
0.0838055098076271			1.0017578982334985
0.08880550980762711			1.0019741990245863
0.09380550980762711			1.002203098724741
0.09880550980762712			1.0024446088149062
0.10380550980762712			1.0026987414127866
0.10880550980762713			1.002965509274142
0.11380550980762713			1.0032449257941485
0.11880550980762714			1.003537005008831
0.12380550980762714			1.0038417615965634
0.12880550980762714			1.0041592108796387
0.13380550980762715			1.0044893688259102
0.13880550980762715			1.004832252050501
0.14380550980762716			1.0051878778175853
0.14880550980762716			1.0055562640422395
0.15380550980762717			1.005937429292366
0.15880550980762717			1.006331392790687
0.16380550980762718			1.0067381744168105
0.16880550980762718			1.007157794709369
0.17380550980762718			1.0075902748682317
0.1788055098076272			1.0080356367567869
0.1838055098076272			1.0084939029043014
0.1888055098076272			1.008965096508351
0.1938055098076272			1.0094492414373273
0.1988055098076272			1.0099463622330185
0.2038055098076272			1.0104564841132655
0.20880550980762722			1.010979632974694
0.21380550980762722			1.011515835395523
0.21880550980762722			1.0120651186384502
0.22380550980762723			1.0126275106536144
0.22880550980762723			1.0132030400816365
0.23380550980762724			1.0137917362567381
0.23880550980762724			1.0143936292099414
0.24380550980762725			1.015008749672345
0.24880550980762725			1.0156371290784836
0.2538055098076272			1.0162787995697677
0.25880550980762723			1.0169337939980039
0.26380550980762724			1.0176021459289977
0.26880550980762724			1.0182838896462412
0.27380550980762725			1.0189790601546818
0.27880550980762725			1.019687693184577
0.28380550980762725			1.0204098251954343
0.28880550980762726			1.0211454933800355
0.29380550980762726			1.0218947356685493
0.29880550980762727			1.022657590732731
0.30380550980762727			1.0234340979902103
0.3088055098076273			1.0242242976088665
0.3138055098076273			1.0250282305112972
0.3188055098076273			1.025845938379375
0.3238055098076273			1.0266774636588962
0.3288055098076273			1.0275228495643227
0.3338055098076273			1.0283821400836175
0.3388055098076273			1.0292553799831734
0.3438055098076273			1.0301426148128394
0.3488055098076273			1.0310438909110407
0.3538055098076273			1.0319592554099977
0.3588055098076273			1.0328887562410431
0.3638055098076273			1.0338324421400393
0.36880550980762733			1.0347903626528936
0.37380550980762733			1.0357625681411784
0.37880550980762734			1.0367491097878512
0.38380550980762734			1.0377500396030805
0.38880550980762735			1.0387654104301765
0.39380550980762735			1.0397952759516251
0.39880550980762736			1.0408396906952342
0.40380550980762736			1.041898710040384
0.40880550980762737			1.04297239022439
0.41380550980762737			1.0440607883489756
0.4188055098076274			1.0451639623868587
0.4238055098076274			1.0462819711884501
0.4288055098076274			1.0474148744886684
0.4338055098076274			1.0485627329138707
0.4388055098076274			1.0497256079889024
0.4438055098076274			1.0509035621442642
0.4488055098076274			1.0520966587234022
0.4538055098076274			1.0533049619901187
0.4588055098076274			1.054528537136107
0.4638055098076274			1.055767450288614
0.4688055098076274			1.0570217685182242
0.4738055098076274			1.0582915598467788
0.4788055098076274			1.0595768932554208
0.48380550980762743			1.0608778386927729
0.48880550980762744			1.0621944670832497
0.49380550980762744			1.0635268503355042
0.49880550980762745			1.0648750613510132
0.5038055098076274			1.0662391740327983
0.5088055098076274			1.0676192632942914
0.5138055098076274			1.0690154050683403
0.5188055098076274			1.0704276763163596
0.5238055098076274			1.0718561550376287
0.5288055098076274			1.0733009202787365
0.5338055098076274			1.074762052143179
0.5388055098076274			1.0762396318011065
0.5438055098076274			1.0777337414992285
0.5488055098076274			1.0792444645708732
0.5538055098076274			1.0807718854462065
0.5588055098076274			1.0823160896626125
0.5638055098076274			1.083877163875237
0.5688055098076275			1.0854551958676975
0.5738055098076275			1.0870502745629598
0.5788055098076275			1.0886624900343858
0.5838055098076275			1.0902919335169554
0.5888055098076275			1.0919386974186616
0.5938055098076275			1.093602875332085
0.5988055098076275			1.095284562046148
0.6038055098076275			1.0969838535580527
0.6088055098076275			1.098700847085404
0.6138055098076275			1.100435641078521
0.6188055098076275			1.1021883352329407
0.6238055098076275			1.1039590305021154
0.6288055098076275			1.1057478291103056
0.6338055098076275			1.1075548345656752
0.6388055098076275			1.1093801516735875
0.6438055098076275			1.111223886550108
0.6488055098076275			1.1130861466357171
0.6538055098076275			1.1149670407092331
0.6588055098076275			1.1168666789019521
0.6638055098076275			1.1187851727120053
0.6688055098076275			1.1207226350189405
0.6738055098076275			1.1226791800985265
0.6788055098076275			1.1246549236377879
0.6838055098076276			1.1266499827502716
0.6888055098076276			1.1286644759915507
0.6938055098076276			1.1306985233749667
0.6988055098076276			1.1327522463876145
0.7038055098076276			1.1348257680065776
0.7088055098076276			1.1369192127154122
0.7138055098076276			1.1390327065208858
0.7188055098076276			1.1411663769699778
0.7238055098076276			1.1433203531671399
0.7288055098076276			1.1454947657918269
0.7338055098076276			1.1476897471162986
0.7388055098076276			1.1499054310236951
0.7438055098076276			1.1521419530263979
0.7488055098076276			1.1543994502846702
0.7538055098076276			1.1566780616255912
0.7588055098076276			1.1589779275622831
0.7638055098076276			1.1612991903134375
0.7688055098076276			1.1636419938231457
0.7738055098076276			1.1660064837810378
0.7788055098076276			1.168392807642737
0.7838055098076276			1.1708011146506325
0.7888055098076276			1.1732315558549764
0.7938055098076277			1.1756842841353117
0.7988055098076277			1.1781594542222347
0.8038055098076277			1.1806572227194996
0.8088055098076277			1.183177748126469
0.8138055098076277			1.1857211908609158
0.8188055098076277			1.1882877132821874
0.8238055098076277			1.1908774797147303
0.8288055098076277			1.1934906564719872
0.8338055098076277			1.1961274118806706
0.8388055098076277			1.1987879163054218
0.8438055098076277			1.2014723421738565
0.8488055098076277			1.2041808640020086
0.8538055098076277			1.2069136584201794
0.8588055098076277			1.2096709041991927
0.8638055098076277			1.2124527822770719
0.8688055098076277			1.2152594757861386
0.8738055098076277			1.2180911700805452
0.8788055098076277			1.2209480527642451
0.8838055098076277			1.223830313719411
0.8888055098076277			1.2267381451353108
0.8938055098076277			1.2296717415376408
0.8988055098076277			1.2326312998183346
0.9038055098076277			1.235617019265851
0.9088055098076278			1.2386291015959472
0.9138055098076278			1.2416677509829512
0.9188055098076278			1.2447331740915386
0.9238055098076278			1.2478255801090226
0.9288055098076278			1.2509451807781704
0.9338055098076278			1.2540921904305493
0.9388055098076278			1.2572668260204178
0.9438055098076278			1.260469307159167
0.9488055098076278			1.263699856150326
0.9538055098076278			1.266958698025139
0.9588055098076278			1.2702460605787245
0.9638055098076278			1.2735621744068275
0.9688055098076278			1.2769072729431796
0.9738055098076278			1.2802815924974698
0.9788055098076278			1.2836853722939425
0.9838055098076278			1.2871188545106382
0.9888055098076278			1.2905822843192776
0.9938055098076278			1.294075909925812
0.9988055098076278			1.2975999826116444
1.0038055098076277			1.3011547567755426
1.0088055098076276			1.3047404899762447
1.0138055098076275			1.308357442975783
1.0188055098076274			1.3120058797835297
1.0238055098076273			1.315686067700984
1.0288055098076272			1.319398277367313
1.033805509807627			1.323142782805658
1.038805509807627			1.3269198614702244
1.0438055098076269			1.3307297942941698
1.0488055098076268			1.3345728657382994
1.0538055098076267			1.3384493638405952
1.0588055098076266			1.3423595802665835
1.0638055098076264			1.3463038103605642
1.0688055098076263			1.350282353197716
1.0738055098076262			1.3542955116370938
1.0788055098076261			1.3583435923755367
1.083805509807626			1.3624269060025032
1.088805509807626			1.3665457670558536
1.0938055098076258			1.370700494078594
1.0988055098076257			1.3748914096766058
1.1038055098076256			1.3791188405773758
1.1088055098076255			1.3833831176897484
1.1138055098076254			1.3876845761647207
1.1188055098076253			1.3920235554572988
1.1238055098076252			1.3964003993894383
1.128805509807625			1.4008154562140887
1.133805509807625			1.4052690786803668
1.1388055098076248			1.4097616240998776
1.1438055098076247			1.4142934544142078
1.1488055098076246			1.4188649362636154
1.1538055098076245			1.4234764410569392
1.1588055098076244			1.428128345042753
1.1638055098076243			1.4328210293817878
1.1688055098076242			1.4375548802206497
1.173805509807624			1.4423302887668612
1.178805509807624			1.4471476513652477
1.183805509807624			1.4520073695757025
1.1888055098076238			1.4569098502523536
1.1938055098076237			1.4618555056241644
1.1988055098076236			1.4668447533769966
1.2038055098076235			1.4718780167371655
1.2088055098076234			1.4769557245565181
1.2138055098076233			1.482078311399065
1.2188055098076231			1.487246217629203
1.223805509807623			1.4924598895015524
1.228805509807623			1.4977197792524533
1.2338055098076228			1.5030263451931478
1.2388055098076227			1.5083800518046868
1.2438055098076226			1.5137813698345977
1.2488055098076225			1.519230776395349
1.2538055098076224			1.5247287550646522
1.2588055098076223			1.5302757959876354
1.2638055098076222			1.5358723959809348
1.268805509807622			1.5415190586387395
1.273805509807622			1.5472162944408336
1.2788055098076219			1.5529646208626804
1.2838055098076218			1.5587645624875883
1.2888055098076217			1.564616651121008
1.2938055098076215			1.570521425907003
1.2988055098076214			1.5764794334469434
1.3038055098076213			1.5824912279204704
1.3088055098076212			1.5885573712087824
1.3138055098076211			1.5946784330202877
1.318805509807621			1.600854991018688
1.323805509807621			1.6070876309535305
1.3288055098076208			1.6133769467932952
1.3338055098076207			1.619723540861071
1.3388055098076206			1.6261280239728706
1.3438055098076205			1.6325910155786556
1.3488055098076204			1.6391131439061197
1.3538055098076203			1.6456950461073019
1.3588055098076202			1.6523373684080855
1.36380550980762			1.659040766260653
1.36880550980762			1.6658059044989615
1.3738055098076198			1.6726334574973065
1.3788055098076197			1.6795241093320468
1.3838055098076196			1.6864785539465574
1.3888055098076195			1.6934974953194926
1.3938055098076194			1.7005816476364226
1.3988055098076193			1.7077317354649368
1.4038055098076192			1.7149484939332773
1.408805509807619			1.7222326689125986
1.413805509807619			1.729585017202926
1.4188055098076189			1.7370063067229065
1.4238055098076188			1.7444973167034372
1.4288055098076187			1.7520588378852628
1.4338055098076186			1.7596916727206318
1.4388055098076185			1.7673966355791144
1.4438055098076183			1.7751745529576726
1.4488055098076182			1.7830262636950864
1.4538055098076181			1.790952619190841
1.458805509807618			1.7989544836285762
1.463805509807618			1.8070327342042134
1.4688055098076178			1.8151882613588668
1.4738055098076177			1.8234219690166555
1.4788055098076176			1.8317347748275354
1.4838055098076175			1.840127610415271
1.4888055098076174			1.8486014216306725
1.4938055098076173			1.8571571688102246
1.4988055098076172			1.865795827040241
1.503805509807617			1.874518386426678
1.508805509807617			1.8833258523707423
1.5138055098076169			1.8922192458504485
1.5188055098076167			1.9011996037082528
1.5238055098076166			1.9102679789449333
1.5288055098076165			1.9194254410198608
1.5338055098076164			1.9286730761578184
1.5388055098076163			1.9380119876625428
1.5438055098076162			1.9474432962371446
1.548805509807616			1.956968140311592
1.553805509807616			1.9665876763774213
1.558805509807616			1.9763030793298741
1.5638055098076158			1.9861155428176387
1.5688055098076157			1.9960262796003891
1.5738055098076156			2.0060365219143277
1.5788055098076155			2.0161475218459306
1.5838055098076154			2.026360551714111
1.5888055098076153			2.036676904461012
1.5938055098076152			2.04709789405166
1.598805509807615			2.057624855882701
1.603805509807615			2.068259147200461
1.6088055098076148			2.0790021475285743
1.6138055098076147			2.0898552591054274
1.6188055098076146			2.10081990733168
1.6238055098076145			2.1118975412281267
1.6288055098076144			2.1230896339041747
1.6338055098076143			2.13439768303722
1.6388055098076142			2.145823211363209
1.643805509807614			2.1573677671786915
1.648805509807614			2.169032924854664
1.6538055098076139			2.1808202853625316
1.6588055098076138			2.1927314768125075
1.6638055098076137			2.2047681550047904
1.6688055098076136			2.2169320039938665
1.6738055098076134			2.2292247366662985
1.6788055098076133			2.241648095332363
1.6838055098076132			2.2542038523319254
1.6888055098076131			2.2668938106549374
1.693805509807613			2.2797198045769695
1.698805509807613			2.292683700310187
1.7038055098076128			2.3057873966702083
1.7088055098076127			2.319032825759287
1.7138055098076126			2.3324219536662696
1.7188055098076125			2.3459567811838107
1.7238055098076124			2.35963934454333
1.7288055098076123			2.3734717161682104
1.7338055098076122			2.387456005445761
1.738805509807612			2.40159435951848
1.743805509807612			2.4158889640951693
1.7488055098076118			2.4303420442824715
1.7538055098076117			2.444955865437424
1.7588055098076116			2.459732734041634
1.7638055098076115			2.4746749985977003
1.7688055098076114			2.489785050548542
1.7738055098076113			2.5050653252202975
1.7788055098076112			2.520518302789482
1.783805509807611			2.5361465092751363
1.788805509807611			2.551952517556686
1.7938055098076109			2.567938948418293
1.7988055098076108			2.5841084716204796
1.8038055098076107			2.600463806999847
1.8088055098076106			2.61700772559773
1.8138055098076105			2.633743050818664
1.8188055098076104			2.650672659619564
1.8238055098076102			2.6677994837305548
1.8288055098076101			2.6851265109084124
1.83380550980761			2.702656786223619
1.83880550980761			2.7203934133820673
1.8438055098076098			2.7383395560824835
1.8488055098076097			2.756498439410669
1.8538055098076096			2.7748733512717187
1.8588055098076095			2.793467643861394
1.8638055098076094			2.812284735177881
1.8688055098076093			2.8313281105752037
1.8738055098076092			2.8506013243596158
1.878805509807609			2.870108001430321
1.883805509807609			2.889851838965954
1.8888055098076089			2.909836608158269
1.8938055098076088			2.930066155994555
1.8988055098076086			2.950544407090367
1.9038055098076085			2.9712753655741677
1.9088055098076084			2.9922631170256064
1.9138055098076083			3.0135118304691577
1.9188055098076082			3.0350257604249453
1.9238055098076081			3.056809249018635
1.928805509807608			3.0788667281523416
1.933805509807608			3.1012027217385865
1.9388055098076078			3.123821847999391
1.9438055098076077			3.146728821832701
1.9488055098076076			3.1699284572483926
1.9538055098076075			3.193425669876217
1.9588055098076074			3.2172254795481168
1.9638055098076073			3.2413330129574462
1.9688055098076072			3.2657535063977203
1.973805509807607			3.290492308583635
1.978805509807607			3.315554883557176
1.9838055098076068			3.3409468136817764
1.9888055098076067			3.366673802727584
1.9938055098076066			3.3927416790510083
1.9988055098076065			3.4191563988718743
2.0038055098076066			3.445924049651595
2.0088055098076065			3.4730508535759683
2.0138055098076064			3.5005431711462935
2.0188055098076063			3.5284075048826886
2.023805509807606			3.556650503143619
2.028805509807606			3.5852789640658407
2.033805509807606			3.614299839629103
2.038805509807606			3.643720239850153
2.043805509807606			3.6735474371107575
2.0488055098076057			3.7037888706246678
2.0538055098076056			3.7344521510486413
2.0588055098076055			3.7655450652428524
2.0638055098076054			3.797075581186259
2.0688055098076052			3.829051853052708
2.073805509807605			3.8614822264538122
2.078805509807605			3.894375243854904
2.083805509807605			3.9277396501706083
2.088805509807605			3.9615843985468904
2.0938055098076047			3.995918656336702
2.0988055098076046			4.03075181127668
2.1038055098076045			4.066093477872663
2.1088055098076044			4.101953504002124
2.1138055098076043			4.138341977741993
2.118805509807604			4.175269234430701
2.123805509807604			4.212745863973672
2.128805509807604			4.250782718401904
2.133805509807604			4.289390919693707
2.1388055098076038			4.328581867870119
2.1438055098076036			4.3683672493750105
2.1488055098076035			4.408759045751356
2.1538055098076034			4.449769542625716
2.1588055098076033			4.491411339013494
2.1638055098076032			4.533697356958127
2.168805509807603			4.576640851517974
2.173805509807603			4.620255421115319
2.178805509807603			4.664555018262559
2.183805509807603			4.709553960681371
2.1888055098076027			4.7552669428314225
2.1938055098076026			4.801709047865917
2.1988055098076025			4.848895760032163
2.2038055098076024			4.89684297753618
2.2088055098076023			4.945567025891309
2.213805509807602			4.995084671771735
2.218805509807602			5.045413137392884
2.223805509807602			5.096570115441688
2.228805509807602			5.148573784580929
2.2338055098076017			5.201442825552979
2.2388055098076016			5.255196437909597
2.2438055098076015			5.309854357395739
2.2488055098076014			5.3654368740167735
2.2538055098076013			5.421964850819967
2.258805509807601			5.479459743422719
2.263805509807601			5.537943620321641
2.268805509807601			5.5974391840183895
2.273805509807601			5.657969793000009
2.2788055098076008			5.719559484613492
2.2838055098076007			5.7822329988764105
2.2888055098076006			5.846015803267615
2.2938055098076005			5.910934118544422
2.2988055098076003			5.977014945635105
2.3038055098076002			6.044286093658213
2.3088055098076			6.112776209123003
2.3138055098076			6.182514806368204
2.3188055098076			6.253532299299521
2.3238055098076			6.325860034489594
2.3288055098075997			6.399530325707651
2.3338055098075996			6.474576489949885
2.3388055098075995			6.551032885045563
2.3438055098075994			6.628934948918102
2.3488055098075993			6.708319240584897
2.353805509807599			6.789223482984437
