Tabla de coordenadas (x,y) para trayectoria parabolica:
	 x [UA] 				 y [UA]
1.0947975662649507   	 -1.094797566264951
1.0762855745556128   	 -1.087102605598459
1.058122399320085   	 -1.0794993291741055
1.0402993576109127   	 -1.0719860147309728
1.0228080351802284   	 -1.0645609827469067
1.0056402765637455   	 -1.0572225951199938
0.9887881755890685   	 -1.0499692538985423
0.9722440662877042   	 -1.042799400057507
0.9560005141912652   	 -1.035711512319386
0.9400503079934143   	 -1.0287041060177153
0.9243864515600889   	 -1.0217757320013714
0.9090021562714873   	 -1.014924975577992
0.8938908336801533   	 -1.0081504554948888
0.8790460884703456   	 -1.0014508229559076
0.8644617117046364   	 -0.9948247606727714
0.8501316743444342   	 -0.9882709819494995
0.836050121031796   	 -0.9817882297985638
0.8222113641205645   	 -0.9753752760875105
0.8086098779454646   	 -0.9690309207148236
0.7952402933183834   	 -0.9627539908138739
0.7820973922415956   	 -0.9565433399838387
0.7691761028282159   	 -0.9503978475465307
0.7564714944206513   	 -0.9443164178281314
0.7439787728982746   	 -0.9382979794648494
0.7316932761659919   	 -0.9323414847315913
0.7196104698157676   	 -0.9264459088927472
0.707725942953579   	 -0.9206102495742583
0.6960354041846261   	 -0.9148335261561463
0.6845346777499736   	 -0.9091147791847386
0.6732196998081371   	 -0.9034530698038431
0.6620865148554292   	 -0.8978474792041687
0.6511312722791739   	 -0.8922971080903039
0.6403502230381949   	 -0.8868010761646161
0.6297397164652229   	 -0.8813585216274353
0.6192961971861387   	 -0.875968600692936
0.6090162021511939   	 -0.8706304871201369
0.5988963577735865   	 -0.8653433717584783
0.5889333771709725   	 -0.8601064621074447
0.5791240575057081   	 -0.8549189818897326
0.5694652774197987   	 -0.8497801706374777
0.5599539945607276   	 -0.8446892832910794
0.5505872431944964   	 -0.8396455898101772
0.5413621319023848   	 -0.8346483747963491
0.532275841358091   	 -0.8296969371271261
0.5233256221820606   	 -0.8247905896009251
0.5145087928699584   	 -0.8199286585925251
0.5058227377923679   	 -0.8151104837187202
0.49726490526293254   	 -0.8103354175138029
0.4888328056722788   	 -0.8056028251145412
0.4805240096851693   	 -0.8009120839543259
0.4723361464984517   	 -0.7962625834661803
0.46426690215747235   	 -0.7916537247943327
0.45631401792872106   	 -0.7870849205140656
0.44847528872657005   	 -0.7825555943595637
0.440748561592067   	 -0.778065180959501
0.433131734221816   	 -0.7736131255801043
0.42562275354507534   	 -0.7691988838754522
0.41821961434727406   	 -0.7648219216447733
0.41092035793822196   	 -0.7604817145965115
0.40372307086336523   	 -0.7561777481189444
0.3966258836565042   	 -0.751909517057141
0.3896269696324535   	 -0.747676525496053
0.38272454371819414   	 -0.7434782865495491
0.3759168613211152   	 -0.7393143221551972
0.36920221723301316   	 -0.7351841628746185
0.36257894456855755   	 -0.7310873476992329
0.3560454137369926   	 -0.7270234238612281
0.3496000314458918   	 -0.7229919466495917
0.3432412397358259   	 -0.7189924792310449
0.33696751504485556   	 -0.7150245924757289
0.3307773673017981   	 -0.711087864787495
0.32466933904726386   	 -0.7071818819386612
0.3186420045814912   	 -0.7033062369090931
0.31269396913805336   	 -0.6994605297294829
0.3068238680825425   	 -0.6956443673286967
0.30103036613537004   	 -0.691857363385066
0.2953121566178606   	 -0.6880991381815086
0.28966796072084267   	 -0.6843693184643621
0.2840965267949726   	 -0.680667537305819
0.2785966296620578   	 -0.6769934339698576
0.27316706994667117   	 -0.6733466537815666
0.26780667342737663   	 -0.6697268479997599
0.2625142904069113   	 -0.6661336736927899
0.2572887951006938   	 -0.6625667936174626
0.2521290850430506   	 -0.6590258761009654
0.24703408051057893   	 -0.6555105949257225
0.24200272396208006   	 -0.6520206292170885
0.23703397949452398   	 -0.6485556633338063
0.23212683231452053   	 -0.6451153867611419
0.22728028822479637   	 -0.6416994940066272
0.2224933731251915   	 -0.6383076844983332
0.21776513252770788   	 -0.6349396624856019
0.21309463108516088   	 -0.6315951369421693
0.20848095213299814   	 -0.6282738214716128
0.20392319724386815   	 -0.6249754342150567
0.19942048579453361   	 -0.6216996977610736
0.19497195454474134   	 -0.6184463390577218
0.19057675722767184   	 -0.6152150893266591
0.18623406415160712   	 -0.6120056839792761
0.18194306181246642   	 -0.6088178625347933
0.17770295251687213   	 -0.6056513685402704
0.17351295401542072   	 -0.6025059494924725
0.16937229914584412   	 -0.5993813567615486
0.16528023548575693   	 -0.5962773455164654
0.1612360250146976   	 -0.5931936746521579
0.15723894378518014   	 -0.5901301067183464
0.15328828160248195   	 -0.5870864078499749
0.14938334171290457   	 -0.5840623476992297
0.1455234405002523   	 -0.5810576993690978
0.14170790719028103   	 -0.5780722393484202
0.1379360835628801   	 -0.575105747448406
0.134207323671756   	 -0.5721580067405645
0.13052099357139604   	 -0.5692288034960225
0.12687647105109642   	 -0.5663179271261881
0.12327314537584595   	 -0.5634251701247267
0.1197104170338658   	 -0.5605503280108173
0.11618769749060921   	 -0.5576931992736535
0.11270440894903336   	 -0.5548535853181588
0.10925998411596177   	 -0.5520312904118867
0.10585386597436051   	 -0.549226121633072
0.1024855075613583   	 -0.5464378888198086
0.0991543717518448   	 -0.5436664045203209
0.09585993104748852   	 -0.5409114839443051
0.09260166737101884   	 -0.5381729449153118
0.08937907186562344   	 -0.5354506078241446
0.0861916446993154   	 -0.532744295583248
0.08303889487413085   	 -0.5300538335820634
0.0799203400400205   	 -0.5273790496433253
0.07683550631330394   	 -0.524719773980278
0.07378392809955943   	 -0.5220758391547884
0.0707651479208256   	 -0.5194470800363326
0.06777871624699562   	 -0.5168333337618377
0.06482419133128808   	 -0.5142344396963558
0.061901139049682294   	 -0.5116502393945496
0.05900913274420906   	 -0.5090805765629719
0.0561477530699921   	 -0.5065252970231201
0.053316587845937166   	 -0.5039842486752449
0.05051523190897035   	 -0.5014572814628976
0.047743286971729346   	 -0.49894424733819676
0.04500036148361446   	 -0.49644500022779864
0.0422860704951092   	 -0.493959395999554
0.039600035525282774   	 -0.49148729242983535
0.03694188443238954   	 -0.4890285491715182
0.034311251287483024   	 -0.48658302772260315
0.031707776250964465   	 -0.48415059139546107
0.029131105451988454   	 -0.4817311052866894
0.026580890870650246   	 -0.4793244362475639
0.024056790222881735   	 -0.47693045285507285
0.02155846684798527   	 -0.47454902538352006
0.01908558959873636   	 -0.47218002577668394
0.016637832733988518   	 -0.4698233276205197
0.014214875813715474   	 -0.4674788061163922
0.01181640359642758   	 -0.4651463380548276
0.009442105938901487   	 -0.46282580178977284
0.0070916776981635385   	 -0.46051707721334983
0.00476481863566929   	 -0.4582200457310948
0.0024612333236231393   	 -0.4559345902376713
0.00018063105338361215   	 -0.4536605950930462
-0.0020772742540985187   	 -0.4513979460991186
-0.004312764135860664   	 -0.449146530476792
-0.0065261156725772915   	 -0.44690623684347847
-0.008717601572325743   	 -0.44467695519102785
-0.01088749025251611   	 -0.4424585768640698
-0.013036045920030997   	 -0.44025099453876165
-0.015163528649619656   	 -0.4380541022019323
-0.017270194460589822   	 -0.43586779513061463
-0.0193562953918393   	 -0.43369196987195585
-0.02142207957526818   	 -0.43152652422349985
-0.023467791307611546   	 -0.4293713572138326
-0.02549367112073126   	 -0.4272263690835827
-0.02749995585040452   	 -0.42509146126676917
-0.029486878703645737   	 -0.42296653637249065
-0.03145466932459737   	 -0.4208514981669462
-0.03340355385902422   	 -0.41874625155578327
-0.03533375501744507   	 -0.41665070256676406
-0.03724549213693416   	 -0.41456475833274364
-0.03913898124162475   	 -0.4124883270749562
-0.0410144351019454   	 -0.410421318086597
-0.04287206329261944   	 -0.40836364171670064
-0.044712072249456926   	 -0.40631520935430476
-0.046534665324967715   	 -0.4042759334128947
-0.04834004284282337   	 -0.40224572731512376
-0.050128402151195274   	 -0.4002245054778029
-0.051899937674995025   	 -0.3982121832971544
-0.05365484096704308   	 -0.3962086771343235
-0.05539330075819041   	 -0.39421390430114417
-0.05711550300641783   	 -0.39222778304615197
-0.05882163094493644   	 -0.390250232540841
-0.06051186512931242   	 -0.3882811728661574
-0.06218638348363879   	 -0.38632052499922775
-0.06384536134577576   	 -0.38436821080031475
-0.06548897151168145   	 -0.3824241529999973
-0.06711738427885335   	 -0.38048827518657025
-0.06873076748890106   	 -0.37856050179365824
-0.07032928656927016   	 -0.37664075808804165
-0.07191310457413612   	 -0.3747289701576881
-0.07348238222448725   	 -0.37282506489998635
-0.07503727794741498   	 -0.37092897001017927
-0.07657794791462923   	 -0.36904061396999094
-0.07810454608021619   	 -0.3671599260364441
-0.0796172242176556   	 -0.3652868362308654
-0.08111613195611383   	 -0.36342127532807283
-0.08260141681602913   	 -0.36156317484574424
-0.08407322424400437   	 -0.35971246703396004
-0.08553169764702308   	 -0.35786908486492086
-0.08697697842600313   	 -0.35603296202283324
-0.08840920600870306   	 -0.35420403289396174
-0.0898285178819951   	 -0.35238223255684403
-0.0912350496235187   	 -0.3505674967726664
-0.09262893493272799   	 -0.34875976197579484
-0.09401030566134659   	 -0.3469589652644604
-0.09537929184324251   	 -0.34516504439159645
-0.09673602172373537   	 -0.34337793775582176
-0.09808062178834878   	 -0.3415975843925703
-0.09941321679101939   	 -0.3398239239653634
-0.10073392978177421   	 -0.33805689675722056
-0.10204288213388799   	 -0.3362964436622084
-0.10334019357053123   	 -0.33454250617712394
-0.10462598219092005   	 -0.3327950263933089
-0.10590036449597834   	 -0.3310539469885951
-0.10716345541352243   	 -0.3293192112193755
-0.10841536832297859   	 -0.3275907629128015
-0.10965621507964284   	 -0.3258685464591008
-0.11088610603849307   	 -0.3241525068040171
-0.1121051500775625   	 -0.32244258944136694
-0.11331345462088388   	 -0.32073874040571265
-0.1145111256610132   	 -0.3190409062651488
-0.11569826778114174   	 -0.31734903411419996
-0.11687498417680507   	 -0.3156630715668287
-0.11804137667719693   	 -0.3139829667495507
-0.11919754576609662   	 -0.3123086682946552
-0.12034359060241773   	 -0.3106401253335299
-0.12147960904038563   	 -0.30897728749008696
-0.12260569764935156   	 -0.3073201048742892
-0.123721951733251   	 -0.3056685280757746
-0.124828465349713   	 -0.3040225081575776
-0.12592533132882772   	 -0.3023819966499435
-0.12701264129157963   	 -0.30074694554423814
-0.12809048566795228   	 -0.2991173072869472
-0.1291589537147117   	 -0.29749303477376593
-0.13021813353287492   	 -0.29587408134377663
-0.13126811208486985   	 -0.29426040077371346
-0.13230897521139243   	 -0.292651947272311
-0.13334080764796755   	 -0.291048675474738
-0.13436369304121912   	 -0.28945054043711155
-0.13537771396485546   	 -0.2878574976310929
-0.1363829519353755   	 -0.2862695029385628
-0.13737948742750114   	 -0.2846865126463732
-0.13836739988934113   	 -0.2831084834411769
-0.13934676775729246   	 -0.2815353724043322
-0.1403176684706831   	 -0.2799671370068803
-0.14128017848616226   	 -0.2784037351045964
-0.14223437329184263   	 -0.2768451249331119
-0.14318032742119946   	 -0.2752912651031066
-0.1441181144667309   	 -0.2737421145955692
-0.14504780709338494   	 -0.27219763275712666
-0.14596947705175667   	 -0.2706577792954394
-0.1468831951910607   	 -0.2691225142746619
-0.147789031471883   	 -0.26759179811096795
-0.1486870549787161   	 -0.2660655915681388
-0.14957733393228242   	 -0.26454385575321365
-0.15045993570164884   	 -0.26302655211220133
-0.1513349268161373   	 -0.26151364242585146
-0.15220237297703496   	 -0.2600050888054855
-0.1530623390691073   	 -0.25850085368888526
-0.15391488917191898   	 -0.25700089983623864
-0.15476008657096466   	 -0.25550519032614166
-0.15559799376861438   	 -0.2540136885516556
-0.15642867249487669   	 -0.2525263582164179
-0.15725218371798255   	 -0.2510431633308075
-0.15806858765479398   	 -0.24956406820816182
-0.15887794378104003   	 -0.24808903746104521
-0.15968031084138407   	 -0.24661803599756915
-0.1604757468593243   	 -0.24515102901776126
-0.1612643091469322   	 -0.24368798200998418
-0.16204605431443023   	 -0.2422288607474022
-0.1628210382796128   	 -0.24077363128449586
-0.16358931627711312   	 -0.239322259953623
-0.16435094286751842   	 -0.23787471336162544
-0.16510597194633683   	 -0.23643095838648195
-0.16585445675281787   	 -0.23499096217400423
-0.16659644987863031   	 -0.23355469213457786
-0.16733200327639863   	 -0.2321221159399455
-0.1680611682681016   	 -0.23069320152003298
-0.1687839955533354   	 -0.22926791705981653
-0.16950053521744282   	 -0.22784623099623147
-0.1702108367395121   	 -0.2264281120151208
-0.17091494900024712   	 -0.22501352904822383
-0.17161292028971095   	 -0.22360245127020353
-0.1723047983149458   	 -0.22219484809571252
-0.17299063020747069   	 -0.2207906891764967
-0.1736704625306598   	 -0.21938994439853612
-0.17434434128700282   	 -0.21799258387922266
-0.17501231192525005   	 -0.21659857796457307
-0.17567441934744368   	 -0.2152078972264784
-0.1763307079158379   	 -0.21382051245998743
-0.17698122145970901   	 -0.21243639468062517
-0.17762600328205788   	 -0.21105551512174422
-0.17826509616620684   	 -0.20967784523191055
-0.1788985423822923   	 -0.20830335667232097
-0.17952638369365503   	 -0.2069320213142534
-0.18014866136313026   	 -0.2055638112365485
-0.18076541615923888   	 -0.2041986987231229
-0.18137668836228132   	 -0.2028366562605126
-0.18198251777033647   	 -0.20147765653544716
-0.18258294370516653   	 -0.20012167243245338
-0.18317800501802944   	 -0.19876867703148807
-0.1837677400954012   	 -0.19741864360560002
-0.18435218686460844   	 -0.1960715456186203
-0.18493138279937388   	 -0.19472735672288027
-0.18550536492527514   	 -0.1933860507569572
-0.1860741698251194   	 -0.19204760174344723
-0.186637833644234   	 -0.19071198388676455
-0.18719639209567585   	 -0.18937917157096715
-0.18774988046535981   	 -0.18804913935760845
-0.1882983336171079   	 -0.18672186198361404
-0.18884178599762064   	 -0.18539731435918372
-0.18938027164137164   	 -0.18407547156571824
-0.18991382417542707   	 -0.1827563088537703
-0.19044247682419027   	 -0.18143980164101914
-0.19096626241407438   	 -0.18012592551026926
-0.19148521337810231   	 -0.17881465620747175
-0.19199936176043647   	 -0.17750596963976883
-0.1925087392208391   	 -0.1761998418735607
-0.19301337703906393   	 -0.17489624913259447
-0.19351330611918113   	 -0.1735951677960751
-0.19400855699383524   	 -0.17229657439679757
-0.19449915982843868   	 -0.17100044561930022
-0.194985144425301   	 -0.169706758298039
-0.19546654022769464   	 -0.16841548941558213
-0.19594337632385928   	 -0.16712661610082505
-0.19641568145094454   	 -0.1658401156272249
-0.19688348399889266   	 -0.16455596541105502
-0.19734681201426202   	 -0.16327414300967838
-0.19780569320399263   	 -0.16199462611984022
-0.19826015493911378   	 -0.1607173925759791
-0.1987102242583953   	 -0.15944242034855655
-0.19915592787194364   	 -0.15816968754240487
-0.19959729216474267   	 -0.1568991723950926
-0.20003434320014077   	 -0.15563085327530765
-0.20046710672328488   	 -0.15436470868125776
-0.2008956081645021   	 -0.1531007172390879
-0.20131987264263015   	 -0.15183885770131472
-0.2017399249682967   	 -0.15057910894527707
-0.20215578964714875   	 -0.14932144997160313
-0.20256749088303333   	 -0.1480658599026935
-0.20297505258112936   	 -0.14681231798122021
-0.20337849835103156   	 -0.14556080356864076
-0.2037778515097879   	 -0.14431129614372804
-0.20417313508489024   	 -0.14306377530111514
-0.20456437181721956   	 -0.14181822074985476
-0.20495158416394624   	 -0.14057461231199359
-0.2053347943013858   	 -0.13933292992116086
-0.2057140241278112   	 -0.13809315362117106
-0.20608929526622202   	 -0.13685526356464076
-0.20646062906707116   	 -0.13561924001161899
-0.20682804661095006   	 -0.13438506332823136
-0.20719156871123198   	 -0.13315271398533718
-0.20755121591667583   	 -0.13192217255720015
-0.20790700851398858   	 -0.13069341972017148
-0.2082589665303495   	 -0.12946643625138604
-0.20860710973589455   	 -0.12824120302747108
-0.20895145764616296   	 -0.12701770102326687
-0.20929202952450573   	 -0.12579591131056006
-0.20962884438445673   	 -0.12457581505682837
-0.20996192099206754   	 -0.12335739352399769
-0.21029127786820526   	 -0.12214062806721007
-0.2106169332908152   	 -0.12092550013360388
-0.2109389052971479   	 -0.11971199126110436
-0.21125721168595146   	 -0.11850008307722594
-0.21157187001962957   	 -0.117289757297885
-0.21188289762636553   	 -0.11608099572622356
-0.212190311602213   	 -0.11487378025144329
-0.2124941288131538   	 -0.11366809284765017
-0.21279436589712286   	 -0.1124639155727091
-0.21309103926600145   	 -0.11126123056710871
-0.21338416510757846   	 -0.11006002005283597
-0.21367375938748048   	 -0.10886026633226059
-0.21395983785107106   	 -0.10766195178702904
-0.21424241602531952   	 -0.10646505887696776
-0.21452150922063928   	 -0.10526957013899596
-0.21479713253269722   	 -0.10407546818604722
-0.21506930084419298   	 -0.10288273570600039
-0.2153380288266098   	 -0.10169135546061897
-0.21560333094193654   	 -0.10050131028449955
-0.21586522144436135   	 -0.09931258308402828
-0.21612371438193792   	 -0.09812515683634643
-0.21637882359822352   	 -0.09693901458832346
-0.2166305627338904   	 -0.09575413945553883
-0.21687894522830983   	 -0.09457051462127139
-0.21712398432111013   	 -0.0933881233354969
-0.21736569305370768   	 -0.09220694891389307
-0.21760408427081288   	 -0.09102697473685233
-0.21783917062190974   	 -0.08984818424850195
-0.21807096456271047   	 -0.08867056095573161
-0.21829947835658503   	 -0.0874940884272281
-0.21852472407596596   	 -0.08631875029251718
-0.21874671360372824   	 -0.0851445302410122
-0.21896545863454586   	 -0.08397141202106992
-0.2191809706762236   	 -0.08279937943905272
-0.21939326105100562   	 -0.08162841635839756
-0.2196023408968605   	 -0.0804585066986914
-0.2198082211687431   	 -0.07928963443475298
-0.2200109126398335   	 -0.07812178359572088
-0.2202104259027534   	 -0.07695493826414766
-0.22040677137076017   	 -0.07578908257510011
-0.22059995927891834   	 -0.07462420071526535
-0.22078999968524948   	 -0.07346027692206268
-0.22097690247186016   	 -0.07229729548276136
-0.22116067734604863   	 -0.07113524073360358
-0.22134133384138988   	 -0.06997409705893334
-0.22151888131879988   	 -0.06881384889033045
-0.22169332896757887   	 -0.06765448070574977
-0.22186468580643376   	 -0.06649597702866579
-0.22203296068448042   	 -0.06533832242722214
-0.22219816228222544   	 -0.06418150151338606
-0.22236029911252797   	 -0.06302549894210792
-0.22251937952154113   	 -0.06187029941048508
-0.22267541168963453   	 -0.06071588765693094
-0.2228284036322966   	 -0.05956224846034815
-0.2229783632010178   	 -0.058409366639306404
-0.2231252980841542   	 -0.05725722705122469
-0.22326921580777292   	 -0.056105814591557716
-0.22341012373647767   	 -0.054955114192986494
-0.22354802907421617   	 -0.053805110824613096
-0.22368293886506868   	 -0.052655789491159344
-0.2238148599940185   	 -0.05150713523216941
-0.22394379918770357   	 -0.050359133121216176
-0.22406976301515058   	 -0.04921176826511142
-0.22419275788849063   	 -0.04806502580311952
-0.22431279006365715   	 -0.046918890906174675
-0.22442986564106615   	 -0.04577334877610176
-0.22454399056627874   	 -0.044628384644840244
-0.22465517063064638   	 -0.043483983773671665
-0.2247634114719384   	 -0.04234013145245008
-0.22486871857495253   	 -0.041196812998835715
-0.22497109727210843   	 -0.040054013757531606
-0.22507055274402377   	 -0.03891171909952313
-0.22516709002007382   	 -0.03776991442132044
-0.22526071397893382   	 -0.036628585144203564
-0.2253514293491052   	 -0.03548771671347028
-0.22543924070942462   	 -0.034347294597686484
-0.22552415248955654   	 -0.03320730428793913
-0.22560616897047006   	 -0.03206773129709158
-0.2256852942848984   	 -0.030928561159041232
-0.22576153241778285   	 -0.029789779427979512
-0.2258348872067003   	 -0.02865137167765395
-0.2259053623422748   	 -0.027513323500632413
-0.2259729613685727   	 -0.026375620507569354
-0.22603768768348245   	 -0.02523824832647393
-0.2260995445390781   	 -0.024101192601980067
-0.2261585350419671   	 -0.02296443899461826
-0.22621466215362232   	 -0.021827973180089055
-0.22626792869069867   	 -0.02069178084853821
-0.2263183373253335   	 -0.01955584770383332
-0.22636589058543208   	 -0.018420159462841982
-0.22641059085493706   	 -0.017284701854711298
-0.22645244037408294   	 -0.01614946062014872
-0.2264914412396345   	 -0.015014421510704095
-0.22652759540511047   	 -0.013879570288052886
-0.22656090468099152   	 -0.012744892723280478
-0.22659137073491295   	 -0.01161037459616746
-0.22661899509184236   	 -0.010476001694475873
-0.22664377913424164   	 -0.009341759813236246
-0.22666572410221436   	 -0.008207634754035478
-0.2266848310936375   	 -0.007073612324305369
-0.22670110106427802   	 -0.005939678336611772
-0.2267145348278949   	 -0.004805818607944327
-0.2267251330563252   	 -0.0036720189590066237
-0.22673289627955578   	 -0.002538265213506789
-0.2267378248857794   	 -0.0014045431974483778
-0.22673991912143618   	 -0.000270838738421512
-0.22673917909123958   	 0.0008628623351058097
-0.22673560475818766   	 0.001996574194496311
-0.22672919594355906   	 0.0031303110116520203
-0.22671995232689415   	 0.004264086959722905
-0.2267078734459608   	 0.005397916213815647
-0.22669295869670544   	 0.006531812951702618
-0.22667520733318866   	 0.007665791354531141
-0.22665461846750615   	 0.008799865607533115
-0.22663119106969404   	 0.009934049900735063
-0.22660492396761972   	 0.011068358429668705
-0.2265758158468569   	 0.0122028053960821
-0.22654386525054598   	 0.013337405008651458
-0.22650907057923894   	 0.0144721714836937
-0.22647143009072918   	 0.015607119045879803
-0.22643094189986598   	 0.01674226192894905
-0.22638760397835392   	 0.01787761437642426
-0.22634141415453657   	 0.019013190642328044
-0.22629237011316528   	 0.02014900499190016
-0.22624046939515222   	 0.02128507170231612
-0.22618570939730814   	 0.022421405063407004
-0.22612808737206475   	 0.023558019378380674
-0.22606760042718105   	 0.024694928964544373
-0.22600424552543474   	 0.025832148154028893
-0.22593801948429768   	 0.026969691294514254
-0.22586891897559525   	 0.028107572749957083
-0.22579694052515073   	 0.029245806901319744
-0.22572208051241313   	 0.03038440814730125
-0.22564433517006938   	 0.031523390905070114
-0.22556370058364072   	 0.03266276961099916
-0.2254801726910626   	 0.033802558721402406
-0.2253937472822489   	 0.03494277271327401
-0.22530441999863962   	 0.03608342608502963
-0.2252121863327324   	 0.03722453335724982
-0.22511704162759766   	 0.038366109073426025
-0.22501898107637713   	 0.03950816780070896
-0.22491799972176615   	 0.040650724130659524
-0.22481409245547876   	 0.04179379268000235
-0.22470725401769653   	 0.04293738809138211
-0.22459747899650045   	 0.04408152503412259
-0.22448476182728538   	 0.04522621820498863
-0.2243690967921582   	 0.046371482328951046
-0.22425047801931788   	 0.04751733215995465
-0.22412889948241907   	 0.04866378248168933
-0.22400435499991778   	 0.04981084810836447
-0.2238768382343995   	 0.05095854388548649
-0.22374634269188978   	 0.05210688469064006
-0.22361286172114717   	 0.05325588543427254
-0.22347638851293788   	 0.054405561060482215
-0.22333691609929252   	 0.05555592654781004
-0.2231944373527446   	 0.05670699691003523
-0.22304894498555083   	 0.0578587871969747
-0.2229004315488926   	 0.059011312495286496
-0.2227488894320591   	 0.06016458792927704
-0.22259431086161127   	 0.061318628661712844
-0.22243668790052745   	 0.062473449894636185
-0.22227601244732897   	 0.06362906687018524
-0.2221122762351872   	 0.06478549487141856
-0.22194547083101077   	 0.06594274922314415
-0.22177558763451316   	 0.067100845292753
-0.22160261787726052   	 0.06825979849105752
-0.22142655262169977   	 0.06941962427313478
-0.2212473827601656   	 0.07058033813917432
-0.22106509901386845   	 0.0717419556353315
-0.22087969193186047   	 0.07290449235458553
-0.22069115188998187   	 0.074067963937603
-0.2204994690897855   	 0.07523238607360651
-0.2203046335574406   	 0.07639777450124892
-0.22010663514261528   	 0.07756414500949305
-0.21990546351733678   	 0.07873151343849692
-0.21970110817483063   	 0.07989989568050505
-0.21949355842833718   	 0.08106930768074522
-0.21928280340990586   	 0.08223976543833145
-0.21906883206916747   	 0.08341128500717312
-0.21885163317208287   	 0.08458388249689007
-0.21863119529966923   	 0.08575757407373416
-0.21840750684670265   	 0.08693237596151722
-0.21818055602039746   	 0.08810830444254553
-0.21795033083906176   	 0.08928537585856106
-0.21771681913072852   	 0.09046360661168928
-0.2174800085317626   	 0.09164301316539411
-0.21723988648544332   	 0.09282361204543976
-0.2169964402405218   	 0.09400541984085978
-0.21674965684975328   	 0.09518845320493333
-0.21649952316840365   	 0.09637272885616883
-0.21624602585273078   	 0.09755826357929535
-0.21598915135843932   	 0.09874507422626132
-0.21572888593910897   	 0.09993317771724138
-0.21546521564459625   	 0.1011225910416508
-0.21519812631940954   	 0.10231333125916837
-0.2149276036010558   	 0.10350541550076707
-0.2146536329183605   	 0.10469886096975337
-0.21437619948975906   	 0.10589368494281484
-0.2140952883215597   	 0.10708990477107658
-0.21381088420617783   	 0.10828753788116592
-0.21352297172034135   	 0.10948660177628677
-0.2132315352232659   	 0.11068711403730239
-0.21293655885480064   	 0.11188909232382747
-0.21263802653354397   	 0.11309255437532997
-0.2123359219549277   	 0.11429751801224179
-0.21203022858927126   	 0.11550400113707981
-0.21172092967980333   	 0.11671202173557606
-0.2114080082406524   	 0.11792159787781839
-0.21109144705480457   	 0.11913274771940106
-0.2107712286720286   	 0.12034548950258549
-0.21044733540676805   	 0.12155984155747174
-0.21011974933599922   	 0.12277582230318035
-0.2097884522970556   	 0.12399345024904526
-0.20945342588541707   	 0.12521274399581736
-0.20911465145246488   	 0.12643372223687957
-0.2087721101032002   	 0.1276564037594728
-0.20842578269392717   	 0.12888080744593364
-0.20807564982989926   	 0.13010695227494404
-0.20772169186292874   	 0.13133485732279201
-0.20736388888895826   	 0.13256454176464538
-0.20700222074559455   	 0.13379602487583694
-0.2066366670096034   	 0.1350293260331625
-0.20626720699436557   	 0.13626446471619155
-0.20589381974729268   	 0.13750146050859033
-0.20551648404720305   	 0.13874033309945857
-0.20513517840165638   	 0.13998110228467883
-0.2047498810442471   	 0.14122378796827972
-0.20436056993185553   	 0.1424684101638125
-0.2039672227418562   	 0.14371498899574153
-0.20356981686928305   	 0.14496354470084905
-0.20316832942395036   	 0.14621409762965396
-0.20276273722752927   	 0.14746666824784518
-0.20235301681057877   	 0.14872127713772984
-0.20193914440953076   	 0.14997794499969636
-0.20152109596362852   	 0.15123669265369263
-0.20109884711181752   	 0.15249754104071975
-0.20067237318958847   	 0.15376051122434145
-0.20024164922577142   	 0.15502562439220932
-0.1998066499392799   	 0.15629290185760414
-0.19936734973580544   	 0.15756236506099391
-0.19892372270446007   	 0.15883403557160808
-0.19847574261436798   	 0.16010793508902924
-0.19802338291120342   	 0.16138408544480137
-0.19756661671367576   	 0.16266250860405612
-0.19710541680996008   	 0.16394322666715636
-0.19663975565407232   	 0.16522626187135805
-0.19616960536218855   	 0.16651163659248996
-0.19569493770890742   	 0.16779937334665262
-0.1952157241234543   	 0.16908949479193514
-0.19473193568582725   	 0.1703820237301521
-0.19424354312288275   	 0.17167698310859925
-0.19375051680436114   	 0.17297439602182915
-0.19325282673885052   	 0.174274285713447
-0.19275044256968735   	 0.17557667557792625
-0.19224333357079454   	 0.17688158916244556
-0.1917314686424539   	 0.17818905016874637
-0.19121481630701345   	 0.17949908245501162
-0.19069334470452792   	 0.18081171003776647
-0.19016702158833115   	 0.18212695709380075
-0.18963581432053997   	 0.18344484796211388
-0.18909968986748757   	 0.18476540714588194
-0.18855861479508584   	 0.18608865931444873
-0.1880125552641156   	 0.18741462930533925
-0.18746147702544264   	 0.18874334212629737
-0.1869053454151594   	 0.1900748229573475
-0.18634412534965047   	 0.19140909715288087
-0.18577778132058062   	 0.19274619024376638
-0.18520627738980444   	 0.1940861279394871
-0.18462957718419595   	 0.195428936130302
-0.18404764389039677   	 0.19677464088943403
-0.18346044024948205   	 0.1981232684752848
-0.18286792855154163   	 0.19947484533367554
-0.18227007063017675   	 0.2008293981001161
-0.18166682785690866   	 0.20218695360210098
-0.18105816113549983   	 0.2035475388614343
-0.18044403089618458   	 0.20491118109658257
-0.17982439708980855   	 0.20627790772505722
-0.1791992191818751   	 0.2076477463658264
-0.17856845614649675   	 0.20902072484175657
-0.1779320664602509   	 0.2103968711820849
-0.17729000809593715   	 0.2117762136249225
-0.17664223851623512   	 0.21315878061978918
-0.17598871466726068   	 0.21454460083017987
-0.1753293929720196   	 0.21593370313616422
-0.17466422932375533   	 0.21732611663701823
-0.17399317907919076   	 0.2187218706538903
-0.17331619705166088   	 0.22012099473250069
-0.1726332375041349   	 0.22152351864587608
-0.1719442541421256   	 0.2229294723971188
-0.17124920010648456   	 0.22433888622221243
-0.1705480279660802   	 0.22575179059286304
-0.16984068971035762   	 0.22716821621937788
-0.16912713674177723   	 0.2285881940535812
-0.1684073198681305   	 0.23001175529176845
-0.16768118929473053   	 0.23143893137769894
-0.16694869461647505   	 0.2328697540056282
-0.16620978480977996   	 0.23430425512338007
-0.16546440822438005   	 0.23574246693545964
-0.16471251257499592   	 0.23718442190620717
-0.16395404493286342   	 0.2386301527629947
-0.16318895171712378   	 0.24007969249946454
-0.16241717868607147   	 0.24153307437881177
-0.16163867092825787   	 0.24299033193711073
-0.16085337285344697   	 0.24445149898668597
-0.16006122818342144   	 0.24591660961952952
-0.15926217994263575   	 0.24738569821076375
-0.1584561704487135   	 0.2488587994221519
-0.15764314130278623   	 0.2503359482056562
-0.1568230333796709   	 0.251817179807045
-0.15599578681788245   	 0.2533025297695491
-0.1551613410094789   	 0.25479203393756844
-0.15431963458973544   	 0.2562857284604305
-0.15347060542664515   	 0.2577836497962001
-0.15261419061024128   	 0.2592858347155424
-0.15175032644173997   	 0.26079232030564
-0.15087894842249797   	 0.2623031439741644
-0.14999999124278343   	 0.2638183434533034
-0.14911338877035488   	 0.2653379568038447
-0.14821907403884568   	 0.26686202241931795
-0.14731697923594989   	 0.26839057903019414
-0.14640703569140537   	 0.2699236657081461
-0.14548917386477084   	 0.2714613218703678
-0.1445633233329924   	 0.27300358728395707
-0.14362941277775573   	 0.2745505020703598
-0.14268736997261958   	 0.2761021067098781
-0.14173712176992637   	 0.2776584420462442
-0.14077859408748583   	 0.2792195492912591
-0.13981171189502645   	 0.2807854700294992
-0.13883639920041121   	 0.28235624622309147
-0.13785257903561204   	 0.283931920216557
-0.13686017344243878   	 0.2855125347417267
-0.13585910345801755   	 0.287098132922728
-0.13484928910001365   	 0.28868875828104495
-0.13383064935159375   	 0.2902844547406535
-0.13280310214612256   	 0.2918852666332316
-0.13176656435158787   	 0.2934912387034473
-0.13072095175474957   	 0.29510241611432514
-0.12966617904500616   	 0.29671884445269264
-0.12860215979797346   	 0.29834056973470774
-0.1275288064587699   	 0.2999676384114694
-0.1264460303250019   	 0.30160009737471283
-0.1253537415294437   	 0.30323799396258994
-0.12425184902240519   	 0.30488137596553744
-0.12314026055378136   	 0.3065302916322341
-0.12201888265477699   	 0.30818478967564816
-0.1208876206192998   	 0.30984491927917723
-0.11974637848501507   	 0.31151073010288216
-0.11859505901405512   	 0.3131822722898162
-0.11743356367337598   	 0.3148595964724514
-0.11626179261475453   	 0.31654275377920477
-0.11507964465441801   	 0.3182317958410646
-0.11388701725229874   	 0.31992677479832027
-0.11268380649090567   	 0.32162774330739596
-0.11146990705380534   	 0.32333475454779176
-0.11024521220370335   	 0.3250478622291327
-0.10900961376011854   	 0.32676712059832896
-0.10776300207664077   	 0.3284925844468485
-0.10650526601776353   	 0.33022430911810413
-0.1052362929352828   	 0.33196235051495804
-0.10395596864425223   	 0.3337067651073454
-0.10266417739848542   	 0.3354576099400186
-0.10136080186559589   	 0.3372149426404162
-0.10004572310156423   	 0.3389788214266568
-0.09871882052482263   	 0.3407493051156625
-0.09737997188984614   	 0.34252645313141167
-0.09602905326024007   	 0.3443103255133262
-0.0946659389813125   	 0.34610098292479435
-0.09329050165212073   	 0.34789848666183154
-0.09190261209697993   	 0.34970289866188276
-0.09050213933642266   	 0.3515142815127688
-0.08908895055759651   	 0.3533326984617787
-0.0876629110840882   	 0.35515821342491205
-0.08622388434516076   	 0.3569908909962732
-0.08477173184439128   	 0.3588307964576213
-0.08330631312769562   	 0.36067799578807846
-0.08182748575072639   	 0.362532555673999
-0.08033510524563033   	 0.3643945435190037
-0.07882902508715067   	 0.3662640274541821
-0.07730909665805952   	 0.36814107634846494
-0.07577516921390548   	 0.37002575981917296
-0.07422708984706071   	 0.37191814824274144
-0.07266470345005174   	 0.37381831276562827
-0.07108785267815752   	 0.3757263253154059
-0.06949637791125826   	 0.377642258612043
-0.06789011721491751   	 0.37956618617937826
-0.06626890630068023   	 0.3814981823567906
-0.06463257848556868   	 0.3834383223110708
-0.0629809646507574   	 0.3853866820484967
-0.06131389319940862   	 0.3873433384271174
-0.05963119001364825   	 0.38930836916925077
-0.05793267841066266   	 0.3912818528741978
-0.05621817909789556   	 0.3932638690311795
-0.05448751012732398   	 0.39525449803249835
-0.05274048684879161   	 0.3972538211869333
-0.05097692186237733   	 0.3992619207333681
-0.049196624969776094   	 0.40127887985466154
-0.04739940312466873   	 0.40330478269176334
-0.045585060382056654   	 0.40533971435808
-0.043753397846536625   	 0.4073837609540973
-0.0419042136194905   	 0.4094370095822639
-0.04003730274516349   	 0.41149954836214153
-0.038152457155604606   	 0.4135714664458282
-0.03624946561444145   	 0.415652854033659
-0.034328113659461354   	 0.417743802390191
-0.0323881835439697   	 0.41984440386047933
-0.03042945417689572   	 0.42195475188664794
-0.028451701061615094   	 0.4240749410247647
-0.026454696233457847   	 0.42620506696202365
-0.02443820819586931   	 0.4283452265342458
-0.02240200185519078   	 0.4304955177436999
-0.020345838454025773   	 0.4326560397772539
-0.018269475503156777   	 0.43482689302486444
-0.01617266671197628   	 0.4370081790984077
-0.014055161917395106   	 0.43920000085086447
-0.011916707011189766   	 0.44140246239586306
-0.009757043865749632   	 0.4436156691275904
-0.007575910258183528   	 0.4458397277410772
-0.005373039792744299   	 0.4480747462528686
-0.0031481618215285544   	 0.45032083402208517
-0.0009010013634077473   	 0.4525781017718861
0.0013687209788546448   	 0.4548466616113413
0.0036612891033463084   	 0.4571266270577234
0.005976991495657498   	 0.4594181130592279
0.008316121317489867   	 0.46172123601813103
0.010678976497273411   	 0.4640361138143961
0.013065859822843612   	 0.466362865829738
0.015477079036232516   	 0.4687016129721568
0.017912946930628924   	 0.4710524777009492
0.0203737814495646   	 0.47341558405221207
0.02285990578838511   	 0.47579105766484703
0.025371648498065415   	 0.47817902580707716
0.027909343591432583   	 0.4805796174034909
0.030473330651859257   	 0.48299296306262085
0.03306395494449405   	 0.4854191951050744
0.03568156753009649   	 0.4878584475922256
0.03832652538154648   	 0.49031085635548327
0.04099919150310044   	 0.49277655902614925
0.04369993505246802   	 0.49525569506587847
0.046429131465786186   	 0.4977484057977578
0.04918716258556933   	 0.5002548344380172
0.05197441679171654   	 0.5027751261283868
0.05479128913566003   	 0.5053094279691189
0.05763818147774078   	 0.5078578890526875
0.06051550262790056   	 0.5104206604981822
0.06342366848978208   	 0.5129978954864169
0.06636310220833176   	 0.5155897492957637
0.0693342343210031   	 0.5181963793387376
0.0723375029126608   	 0.520817945199344
0.07537335377428993   	 0.5234546086712104
0.07844224056561722   	 0.5261065337965232
0.08154462498175462   	 0.5287738869057852
0.08468097692398002   	 0.5314568366584185
0.08785177467477188   	 0.5341555540842303
0.09105750507722021   	 0.5368702126257664
0.09429866371893865   	 0.5396009881815717
0.09757575512060754   	 0.542348059150382
0.10088929292928157   	 0.5451116064762713
0.10423980011660008   	 0.5478918136947764
0.10762780918204255   	 0.5506888669800265
0.11105386236137646   	 0.5535029551929005
0.11451851184045021   	 0.5563342699302415
0.11802231997448719   	 0.5591830055751524
0.12156585951304441   	 0.5620493593484035
0.12514971383080298   	 0.5649335313609779
0.12877447716436374   	 0.5678357246677874
0.13244075485522755   	 0.5707561453225862
0.1361491635991453   	 0.5736950024341164
0.1399003317020293   	 0.5766525082235162
0.1436948993426239   	 0.5796288780830249
0.14753351884213997   	 0.5826243306360173
0.15141685494106605   	 0.5856390877984061
0.1553455850833734   	 0.5886733748414449
0.1593203997083433   	 0.5917274204559724
0.16334200255024997   	 0.5948014568181341
0.16741111094614233   	 0.5978957196566248
0.17152845615197507   	 0.6010104483214874
0.17569478366734947   	 0.6041458858545171
0.17991085356913247   	 0.6073022790613093
0.18417744085423265   	 0.6104798785849987
0.1884953357918217   	 0.6136789389817371
0.19286534428529925   	 0.6168997187979544
0.19728828824431097   	 0.6201424806494555
0.20176500596714045   	 0.6234074913024046
0.20629635253380582   	 0.6266950217562451
0.21088320021020548   	 0.6300053473286142
0.21552643886366976   	 0.6333387477423073
0.22022697639028674   	 0.636695507214347
0.224985739154386   	 0.6400759145472215
0.22980367244057678   	 0.6434802632223504
0.23468174091875213   	 0.6469088514958437
0.2396209291224852   	 0.6503619824966164
0.24462224194126192   	 0.6538399643269344
0.24968670512700708   	 0.6573431101654525
0.254815365815382   	 0.6608717383728244
0.2600092930623466   	 0.6644261725999555
0.2652695783965005   	 0.6680067418989797
0.2705973363877334   	 0.6716137808370364
0.2759937052327401   	 0.6752476296129338
0.28145984735797136   	 0.6789086341767836
0.28699695004061915   	 0.6825971463526931
0.2926062260482534   	 0.6863135239646118
0.298288914297754   	 0.6900581309654217
0.304046280534206   	 0.6938313375693718
0.30987961803045233   	 0.6976335203879607
0.31579024830802566   	 0.7014650625693676
0.3217795218802088   	 0.7053263539415454
0.32784881901800267   	 0.7092177911590823
0.333999550539815   	 0.7131397778539567
0.3402331586257107   	 0.7170927247902983
0.34655111765710084   	 0.7210770500232857
0.3529549350827842   	 0.7250931790623064
0.3594461523122887   	 0.7291415450385154
0.3660263456375029   	 0.7332225888769315
0.3726971271836238   	 0.7373367594732135
0.37946014589049315   	 0.7414845138752674
0.38631708852543717   	 0.7456663174698388
0.3932696807287689   	 0.7498826441742495
0.4003196880931643   	 0.754133976633447
0.40746891727817236   	 0.758420806422537
0.414719217161171   	 0.7627436342549806
0.4220724800261374   	 0.767102970196639
0.4295306427916609   	 0.7714993338858593
0.4370956882796838   	 0.7759332547598035
0.44476964652652196   	 0.7804052722872228
0.45255459613778376   	 0.7849159362079002
0.46045266568887444   	 0.7894658067789774
0.4684660351728476   	 0.7940554550284041
0.4765969374974417   	 0.7986854630157479
0.48484766003321944   	 0.8033564241006159
0.49322054621481703   	 0.8080689432189498
0.5017179971973905   	 0.8128236371674641
0.5103424735704478   	 0.8176211348965078
0.5190964971313511   	 0.8224620778116462
0.5279826527208707   	 0.8273471200842611
0.5370035901232899   	 0.8322769289714927
0.5461620260336625   	 0.8372521851458439
0.5554607460949549   	 0.8422735830348002
0.5649026070079196   	 0.8473418311708107
0.5744905387166858   	 0.8524576525520112
0.5842275466731853   	 0.8576217850140656
0.5941167141836875   	 0.8628349816135396
0.6041612048408526   	 0.8680980110232137
0.614364265044894   	 0.8734116579397811
0.6247292266175967   	 0.878776723504381
0.635259509513118   	 0.8841940257364429
0.6459586246296926   	 0.8896643999813334
0.6568301767265535   	 0.895188699372325
0.6678778674505953   	 0.900767795307421
0.6791054984775234   	 0.9064025779415981
0.6905169747724625   	 0.9120939566950504
0.7021163079752483   	 0.917842860778048
0.7139076199158797   	 0.9236502397330422
0.7258951462658824   	 0.9295170639946878
0.7380832403316221   	 0.9354443254684739
0.7504763769959099   	 0.9414330381286873
0.7630791568145633   	 0.9474842386364727
0.7758963102749196   	 0.9535989869787725
0.7889327022236673   	 0.9597783671289832
0.8021933364717287   	 0.9660234877301892
0.8156833605843298   	 0.9723354828018793
0.829408070864822   	 0.9787155124710955
0.8433729175412631   	 0.9851647637290037
0.8575835101652373   	 0.991684451213925
0.8720456232328989   	 0.9982758180219081
0.8867652020387623   	 1.0049401365459913
0.9017483687733038   	 1.0116787093453314
0.9170014288760632   	 1.018492870045458
0.9325308776565496   	 1.025383984270958
0.9483434071959266   	 1.0323534506119585
0.9644459135431734   	 1.0394027016258502
0.9808455042201706   	 1.0465332048757583
0.9975495060509526   	 1.0537464640073397
1.0145654733312368   	 1.061044019865575
1.0319011963552311   	 1.0684274516532888
1.0495647103176906   	 1.075898378133238
1.0675643046102197   	 1.0834584588756897
1.0859085325318911   	 1.0911093955534998
